388
389
395
389
421
406
404
411
410
429
417
419
428
439
450
454
460
477
467
477
491
493
505
508
525
523
529
543
555
553
563
579
574
593
595
601
614
606
604
610
597
602
601
608
639
634
628
624
636
649
638
664
664
669
668
684
691
689
703
703
710
707
707
708
705
703
706
686
700
671
661
660
638
634
626
604
588
590
554
555
530
509
509
484
483
464
445
415
410
386
387
357
345
328
319
307
298
303
283
299
295
301
317
308
325
328
340
341
345
355
354
357
366
378
376
391
395
388
402
406
412
418
423
431
426
419
411
403
425
445
432
431
424
433
423
426
420
433
419
420
427
427
436
430
432
429
438
443
454
453
464
527
595
617
643
659
711
722
746
759
777
784
812
815
840
853
857
875
878
882
887
880
880
874
872
867
869
861
855
846
840
845
834
827
821
816
805
803
793
783
779
763
743
730
634
605
586
576
530
477
452
350
330
295
277
240
241
200
205
163
144
146
176
175
189
207
207
207
215
200
196
190
209
207
219
207
211
209
215
186
197
208
236
222
229
223
242
233
240
253
244
255
267
273
265
276
277
276
283
290
291
292
303
312
299
307
324
305
313
318
304
302
285
264
252
221
211
190
177
150
145
124
134
128
88
94
100
113
103
106
118
134
128
156
151
187
197
219
213
223
229
235
248
263
257
259
266
273
269
266
266
278
273
286
293
304
314
315
323
336
354
359
364
382
392
411
425
436
457
474
476
487
516
515
522
557
553
566
582
559
570
565
553
576
590
592
594
598
592
622
622
633
648
657
676
686
691
719
724
746
751
768
771
783
796
796
802
796
796
792
794
788
784
782
773
770
765
758
754
738
745
727
722
708
691
686
669
646
637
612
598
586
566
548
532
511
488
467
450
412
402
383
355
328
315
290
264
240
213
215
195
193
193
173
177
182
170
172
164
162
164
158
146
152
143
135
143
133
145
155
141
147
147
159
152
159
166
172
175
179
181
208
202
223
235
241
261
267
281
296
303
314
304
336
344
355
372
374
392
397
408
411
405
394
385
383
377
386
361
367
362
348
369
379
398
630
648
677
698
709
727
721
716
721
745
751
758
769
775
798
809
819
833
851
860
869
886
891
904
911
908
921
916
918
901
901
909
890
894
890
874
874
856
860
844
822
806
728
683
658
586
573
543
476
390
380
368
332
316
257
204
179
185
194
184
209
198
211
210
220
215
223
225
227
228
237
242
246
256
248
256
264
274
271
282
286
285
294
299
304
303
307
313
321
309
330
329
336
347
349
346
358
367
364
383
385
385
379
391
400
402
422
411
413
417
399
420
440
443
458
461
490
496
525
521
559
558
568
562
568
589
605
605
622
635
643
651
661
665
687
692
691
698
708
715
715
721
722
734
730
738
731
748
749
747
754
756
756
763
759
769
773
769
770
784
783
786
787
796
789
790
798
782
789
780
774
773
768
761
759
749
737
737
731
713
708
696
682
674
649
645
623
605
590
563
554
533
526
514
490
474
446
431
414
390
358
343
311
282
259
229
195
199
168
163
158
151
146
146
148
140
149
137
140
141
135
131
145
135
129
138
140
139
163
181
189
193
200
199
222
228
241
260
274
279
285
302
313
306
311
336
335
342
352
354
362
371
361
365
372
384
384
389
394
365
371
364
368
362
364
360
364
358
354
350
348
354
343
349
340
350
348
347
340
351
346
351
350
349
356
351
358
362
355
363
361
366
367
356
368
350
352
336
337
334
321
316
311
297
294
279
279
273
269
263
273
263
265
281
280
295
308
311
317
329
334
336
338
337
332
331
326
320
313
301
288
289
