43.553016 10.301450
43.553074 10.301773
43.553013 10.301448
43.553077 10.301778
43.553010 10.301447
43.553080 10.301783
43.553008 10.301445
43.553084 10.301788
43.553005 10.301444
43.553087 10.301793
43.553002 10.301443
43.553090 10.301798
43.552999 10.301442
43.553094 10.301803
43.552996 10.301441
43.553097 10.301808
43.552993 10.301440
43.552990 10.301440
43.553100 10.301813
43.552987 10.301440
43.553104 10.301818
43.552984 10.301440
43.553107 10.301823
43.552981 10.301440
43.553110 10.301828
43.552978 10.301440
43.553114 10.301833
43.552975 10.301441
43.553117 10.301838
43.552972 10.301442
43.553120 10.301843
43.552969 10.301443
43.553124 10.301848
43.552966 10.301444
43.553127 10.301853
43.552963 10.301446
43.553130 10.301858
43.552960 10.301447
43.553134 10.301863
43.552957 10.301449
43.553137 10.301868
43.552955 10.301451
43.553140 10.301873
43.552952 10.301454
43.553144 10.301879
43.552950 10.301456
43.553147 10.301884
43.552947 10.301459
43.553150 10.301889
43.552945 10.301461
43.553154 10.301894
43.552943 10.301464
43.553157 10.301899
43.552941 10.301467
43.553161 10.301904
43.552940 10.301470
43.553164 10.301909
43.552938 10.301474
43.553167 10.301915
43.552936 10.301477
43.553171 10.301920
43.552935 10.301481
43.553174 10.301926
43.552934 10.301485
43.553178 10.301931
43.552933 10.301488
43.553182 10.301937
43.552932 10.301492
43.553185 10.301942
43.552931 10.301496
43.553189 10.301948
43.552930 10.301500
43.553192 10.301954
43.552930 10.301504
43.553196 10.301959
43.553200 10.301965
43.553203 10.301971
43.553207 10.301976
43.553210 10.301982
43.553214 10.301988
43.553217 10.301993
43.553221 10.301999
43.553224 10.302005
43.553228 10.302011
43.553231 10.302017
43.553235 10.302023
43.553238 10.302029
43.553242 10.302035
43.553245 10.302041
43.553249 10.302048
43.553252 10.302054
43.553256 10.302061
43.553259 10.302067
43.553262 10.302074
43.553265 10.302081
43.553268 10.302088
43.553271 10.302096
43.553273 10.302103
43.552930 10.301508
43.552930 10.301512
43.552930 10.301516
43.552930 10.301520
43.552930 10.301524
43.552931 10.301528
43.552931 10.301532
43.552932 10.301536
43.552933 10.301540
43.552933 10.301544
43.552934 10.301547
43.552935 10.301551
43.552936 10.301555
43.552938 10.301559
43.552939 10.301562
43.552940 10.301566
43.552942 10.301570
43.552944 10.301573
43.552945 10.301577
43.552947 10.301580
43.553276 10.302110
43.552960 10.301604
43.553278 10.302118
43.552963 10.301608
43.553281 10.302126
43.552966 10.301613
43.553283 10.302134
43.552968 10.301617
43.553285 10.302142
43.552971 10.301622
43.553287 10.302150
43.552974 10.301627
43.553289 10.302158
43.552977 10.301632
43.553290 10.302166
43.552981 10.301637
43.552984 10.301642
43.553292 10.302174
43.552987 10.301647
43.553294 10.302182
43.552991 10.301652
43.553295 10.302190
43.552994 10.301657
43.553296 10.302198
43.552998 10.301663
43.553298 10.302207
43.553002 10.301668
43.553299 10.302215
43.553005 10.301673
43.553299 10.302223
43.553009 10.301678
43.553300 10.302231
43.553012 10.301684
43.553301 10.302240
43.553016 10.301689
43.553302 10.302248
43.553020 10.301694
43.553303 10.302256
43.553023 10.301699
43.553303 10.302264
43.553027 10.301705
43.553303 10.302273
43.553030 10.301710
43.553304 10.302281
43.553034 10.301715
43.553304 10.302289
43.553037 10.301720
43.553305 10.302297
43.553305 10.302305
43.553305 10.302313
43.553306 10.302321
43.553306 10.302329
43.553306 10.302337
43.553306 10.302344
43.553306 10.302352
43.553306 10.302359
43.553306 10.302367
43.553307 10.302374
43.553307 10.302382
43.553040 10.301725
43.553044 10.301730
43.553047 10.301734
43.553051 10.301739
43.553054 10.301744
43.553057 10.301749
43.553060 10.301754
43.553064 10.301759
43.553067 10.301764
43.553070 10.301768
43.553074 10.301773
43.553077 10.301778
43.553307 10.302389
43.553080 10.301783
43.553307 10.302396
43.553084 10.301788
43.553307 10.302403
43.553087 10.301793
43.553307 10.302410
43.553090 10.301798
43.553307 10.302417
43.553094 10.301803
43.553307 10.302424
43.553097 10.301808
43.553307 10.302431
43.553100 10.301813
43.553307 10.302438
43.553104 10.301818
43.553307 10.302444
43.553107 10.301823
43.553308 10.302451
43.553110 10.301828
43.553308 10.302458
43.553114 10.301833
43.553308 10.302465
43.553117 10.301838
43.553120 10.301843
43.553124 10.301848
43.553127 10.301853
43.553130 10.301858
43.553134 10.301863
43.553137 10.301868
43.553140 10.301873
43.553144 10.301879
43.553147 10.301884
43.553308 10.302472
43.553309 10.302479
43.553309 10.302486
43.553310 10.302493
43.553310 10.302500
43.553311 10.302507
43.553311 10.302514
43.553312 10.302521
43.553313 10.302528
43.553150 10.301889
43.553315 10.302535
43.553316 10.302542
43.553154 10.301894
43.553317 10.302549
43.553157 10.301899
43.553319 10.302556
43.553161 10.301904
43.553321 10.302563
43.553164 10.301909
43.553323 10.302570
43.553167 10.301915
43.553325 10.302576
43.553171 10.301920
43.553327 10.302583
43.553174 10.301926
43.553330 10.302590
43.553178 10.301931
43.553332 10.302597
43.553182 10.301937
43.553335 10.302604
43.553185 10.301942
43.553189 10.301948
43.553337 10.302610
43.553192 10.301954
43.553340 10.302617
43.553196 10.301959
43.553344 10.302623
43.553200 10.301965
43.553347 10.302630
43.553203 10.301971
43.553350 10.302636
43.553207 10.301976
43.553353 10.302643
43.553210 10.301982
43.553357 10.302649
43.553214 10.301988
43.553361 10.302655
43.553217 10.301993
43.553364 10.302662
43.553221 10.301999
43.553368 10.302668
43.553224 10.302005
43.553372 10.302674
43.553228 10.302011
43.553376 10.302680
43.553231 10.302017
43.553380 10.302687
43.553235 10.302023
43.553384 10.302693
43.553238 10.302029
43.553388 10.302699
43.553242 10.302035
43.553392 10.302705
43.553245 10.302041
43.553396 10.302712
43.553249 10.302048
43.553400 10.302718
43.553252 10.302054
43.553404 10.302724
43.553256 10.302061
43.553409 10.302730
43.553259 10.302067
43.553413 10.302737
43.553262 10.302074
43.553417 10.302743
43.553265 10.302081
43.553421 10.302749
43.553268 10.302088
43.553426 10.302756
43.553271 10.302096
43.553430 10.302762
43.553273 10.302103
43.553435 10.302769
43.553276 10.302110
43.553439 10.302775
43.553278 10.302118
43.553443 10.302782
43.553281 10.302126
43.553283 10.302134
43.553285 10.302142
43.553287 10.302150
43.553289 10.302158
43.553448 10.302788
43.553290 10.302166
43.553452 10.302795
43.553457 10.302802
43.553461 10.302808
43.553466 10.302815
43.553470 10.302822
43.553292 10.302174
43.553475 10.302828
43.553294 10.302182
43.553295 10.302190
43.553480 10.302835
43.553296 10.302198
43.553484 10.302842
43.553298 10.302207
43.553488 10.302848
43.553299 10.302215
43.553493 10.302855
43.553299 10.302223
43.553497 10.302862
43.553300 10.302231
43.553502 10.302868
43.553301 10.302240
43.553506 10.302875
43.553302 10.302248
43.553511 10.302881
43.553303 10.302256
43.553515 10.302888
43.553303 10.302264
43.553519 10.302895
43.553303 10.302273
43.553524 10.302901
43.553304 10.302281
43.553528 10.302908
43.553304 10.302289
43.553532 10.302915
43.553305 10.302297
43.553537 10.302921
43.553305 10.302305
43.553541 10.302928
43.553305 10.302313
43.553545 10.302934
43.553306 10.302321
43.553550 10.302941
43.553306 10.302329
43.553554 10.302948
43.553306 10.302337
43.553306 10.302344
43.553558 10.302954
43.553306 10.302352
43.553563 10.302961
43.553306 10.302359
43.553567 10.302967
43.553306 10.302367
43.553571 10.302974
43.553576 10.302981
43.553307 10.302374
43.553307 10.302382
43.553580 10.302987
43.553307 10.302389
43.553584 10.302994
43.553307 10.302396
43.553589 10.303000
43.553307 10.302403
43.553593 10.303007
43.553307 10.302410
43.553597 10.303014
43.553307 10.302417
43.553602 10.303020
43.553307 10.302424
43.553606 10.303027
43.553307 10.302431
43.553610 10.303033
43.553307 10.302438
43.553615 10.303040
43.553307 10.302444
43.553619 10.303046
43.553308 10.302451
43.553623 10.303053
43.553308 10.302458
43.553627 10.303060
43.553308 10.302465
43.553632 10.303066
43.553308 10.302472
43.553636 10.303073
43.553309 10.302479
43.553640 10.303079
43.553309 10.302486
43.553644 10.303086
43.553310 10.302493
43.553310 10.302500
43.553649 10.303092
43.553311 10.302507
43.553653 10.303099
43.553311 10.302514
43.553657 10.303106
43.553312 10.302521
43.553661 10.303112
43.553313 10.302528
43.553666 10.303119
43.553315 10.302535
43.553670 10.303125
43.553316 10.302542
43.553674 10.303132
43.553317 10.302549
43.553678 10.303138
43.553319 10.302556
43.553683 10.303145
43.553321 10.302563
43.553687 10.303151
43.553323 10.302570
43.553691 10.303158
43.553325 10.302576
43.553696 10.303164
43.553327 10.302583
43.553700 10.303171
43.553330 10.302590
43.553704 10.303177
43.553332 10.302597
43.553708 10.303184
43.553335 10.302604
43.553713 10.303190
43.553337 10.302610
43.553717 10.303197
43.553340 10.302617
43.553721 10.303203
43.553344 10.302623
43.553725 10.303210
43.553347 10.302630
43.553730 10.303216
43.553350 10.302636
43.553734 10.303222
43.553353 10.302643
43.553738 10.303229
43.553357 10.302649
43.553743 10.303235
43.553361 10.302655
43.553747 10.303242
43.553364 10.302662
43.553751 10.303248
43.553368 10.302668
43.553756 10.303255
43.553372 10.302674
43.553760 10.303261
43.553376 10.302680
43.553765 10.303268
43.553380 10.302687
43.553769 10.303274
43.553384 10.302693
43.553773 10.303280
43.553388 10.302699
43.553778 10.303287
43.553392 10.302705
43.553782 10.303293
43.553396 10.302712
43.553786 10.303300
43.553400 10.302718
43.553791 10.303306
43.553404 10.302724
43.553409 10.302730
43.553795 10.303313
43.553413 10.302737
43.553800 10.303319
43.553417 10.302743
43.553804 10.303325
43.553421 10.302749
43.553809 10.303332
43.553426 10.302756
43.553813 10.303338
43.553430 10.302762
43.553817 10.303345
43.553435 10.302769
43.553822 10.303351
43.553439 10.302775
43.553826 10.303357
43.553443 10.302782
43.553831 10.303364
43.553448 10.302788
43.553835 10.303370
43.553452 10.302795
43.553840 10.303376
43.553457 10.302802
43.553844 10.303383
43.553461 10.302808
43.553849 10.303389
43.553466 10.302815
43.553853 10.303395
43.553470 10.302822
43.553858 10.303402
43.553475 10.302828
43.553862 10.303408
43.553480 10.302835
43.553867 10.303414
43.553484 10.302842
43.553871 10.303421
43.553488 10.302848
43.553493 10.302855
43.553876 10.303427
43.553497 10.302862
43.553880 10.303433
43.553502 10.302868
43.553885 10.303440
43.553506 10.302875
43.553889 10.303446
43.553511 10.302881
43.553894 10.303453
43.553515 10.302888
43.553898 10.303459
43.553519 10.302895
43.553524 10.302901
43.553903 10.303466
43.553528 10.302908
43.553908 10.303472
43.553532 10.302915
43.553912 10.303478
