852
502
852
502
852
498
852
149
852
132
852
162
852
852
852
401
852
852
341
852
390
852
503
852
687
852
-569
852
852
852
852
852
852
852
-553
852
-437
852
852
852
819
852
-678
852
852
852
852
852
852
852
852
852
852
852
852
852
852
852
852
852
852
852
852
852
852
852
852
852
852
852
267
852
852
852
354
312
362
649
852
852
852
238
852
341
341
305
127
383
77
62
11
20
20
12
2
-20
-26
-35
852
852
852
852
852
852
852
852
852
852
852
852
852
852
852
852
852
852
852
852
-36
852
-36
852
-40
852
-39
852
-43
852
-42
852
-41
852
-41
852
852
-37
852
-33
852
-37
852
-31
852
-24
852
-24
852
-32
852
-33
852
-32
852
-23
852
-17
852
-17
852
-28
852
-30
852
-9
852
1
-1
13
39
80
63
81
47
88
88
141
221
852
852
852
852
852
852
852
852
852
852
852
852
106
852
107
852
589
852
852
852
358
852
852
852
852
852
-937
852
-795
852
-862
852
852
852
852
852
852
852
852
852
852
852
852
852
852
-367
-332
-359
-255
-170
-170
-183
-176
-165
852
-137
-131
852
-125
852
-125
852
-120
852
-117
852
-117
852
-122
852
-120
852
-120
852
-118
852
852
-123
852
-128
852
-123
852
-120
852
-124
852
-129
852
-128
852
-126
852
-126
852
-132
852
-137
852
-141
852
-152
852
-172
852
-178
852
-198
852
-196
852
-215
852
-249
852
-233
852
-252
852
-359
852
-359
852
-459
852
-609
852
-835
852
852
852
852
852
852
852
852
852
852
852
852
852
852
852
852
852
852
852
852
852
852
852
852
852
852
852
852
852
852
852
852
400
852
852
852
467
852
384
852
431
852
550
852
746
852
852
852
852
852
852
852
852
852
852
852
852
852
852
852
852
852
852
852
852
852
852
852
852
852
852
852
852
852
852
852
852
852
852
852
852
852
852
852
852
852
852
852
852
852
852
852
852
852
852
342
852
852
852
852
852
852
852
852
852
852
435
852
852
852
852
852
852
852
852
852
852
852
852
852
852
852
852
852
852
852
852
852
852
852
852
852
852
852
852
852
-510
852
852
852
852
852
-624
852
-539
852
-539
852
852
852
852
852
852
852
852
852
852
852
852
852
852
852
852
852
852
852
-484
852
852
852
852
852
852
852
852
-700
852
852
852
852
852
-758
852
-758
852
-544
852
-557
852
-647
852
-806
852
852
852
650
852
852
852
852
852
852
852
852
852
852
852
852
852
852
852
852
852
852
852
852
852
852
852
852
852
852
852
852
