310
380
310
370
310
370
310
370
310
370
310
370
310
370
310
370
310
310
370
320
370
320
370
320
370
320
370
320
370
320
370
320
370
330
370
330
370
330
370
330
370
330
370
330
370
330
370
330
370
330
370
330
360
330
360
330
360
330
360
330
370
330
370
330
370
330
370
330
370
330
370
330
370
330
370
370
370
370
370
370
370
370
370
370
370
370
370
370
370
370
370
370
370
370
370
370
370
370
340
340
340
340
340
340
340
340
340
350
350
350
350
350
360
360
360
360
360
360
370
370
370
370
370
370
370
370
370
370
370
370
370
370
370
370
370
370
370
370
370
370
360
370
360
370
360
370
370
370
370
370
370
370
370
370
370
370
370
370
370
370
370
370
370
370
380
370
370
370
370
380
380
380
380
380
380
380
380
380
380
380
380
380
380
380
380
380
380
380
370
390
370
390
370
390
370
390
370
390
370
390
370
390
370
390
370
400
370
400
370
400
370
400
370
370
370
370
370
370
370
370
370
370
400
400
400
400
400
400
409
409
409
370
409
409
370
409
360
409
360
409
360
409
360
420
370
420
370
420
370
420
370
420
370
370
420
370
420
370
420
370
420
370
420
370
420
370
409
370
409
370
409
370
409
370
409
370
409
370
409
370
409
370
409
370
400
370
409
370
400
370
400
370
400
370
400
370
400
370
400
370
400
370
400
370
400
370
409
370
400
370
370
370
370
370
409
370
409
409
409
409
409
370
409
370
370
409
370
409
370
409
370
409
370
409
370
409
370
409
370
409
370
409
370
409
370
409
370
409
370
409
370
409
370
409
370
409
370
409
380
409
380
380
409
380
409
380
409
380
409
409
380
380
409
390
409
390
409
390
409
390
409
390
409
390
409
390
409
390
409
400
409
400
409
400
409
400
409
400
409
400
409
400
409
400
400
409
400
409
409
409
409
409
409
409
409
409
409
409
409
420
409
420
409
420
409
420
420
420
420
420
420
420
420
420
420
420
420
420
420
420
420
420
420
420
420
420
420
420
409
420
409
420
409
420
409
420
409
420
409
420
409
420
409
420
409
420
400
430
409
420
400
420
400
400
430
400
430
400
420
400
430
400
430
400
430
400
430
409
430
400
430
409
430
409
430
409
430
409
430
409
430
409
430
409
430
409
430
409
430
409
409
430
409
430
409
430
409
430
409
430
409
430
409
409
430
409
430
409
430
