332
542
330
542
332
534
336
544
332
547
332
546
336
557
332
558
336
333
548
334
555
336
550
332
550
340
553
331
551
333
547
335
550
331
547
332
550
333
544
329
547
334
549
329
547
326
553
325
555
327
557
325
565
326
568
321
570
323
572
325
583
320
584
320
593
319
597
317
593
316
611
316
615
317
610
618
603
596
605
601
599
606
606
610
613
612
621
627
635
636
644
644
652
654
654
660
658
666
313
316
317
315
318
312
321
316
316
320
321
322
326
323
329
332
335
338
345
350
663
441
672
454
676
471
670
488
675
498
680
517
676
521
682
539
549
680
558
677
567
682
576
673
583
666
591
679
587
667
586
660
587
666
584
667
580
670
572
676
570
656
567
659
560
656
556
648
646
634
638
633
620
618
612
605
600
594
577
554
546
544
544
537
532
536
535
535
536
542
542
581
534
570
544
559
547
558
546
564
557
553
558
556
548
559
554
559
550
554
550
552
553
560
551
547
550
547
550
544
547
549
547
553
552
555
561
559
571
564
572
573
575
555
576
574
557
578
565
587
568
592
570
596
572
596
583
602
584
598
593
604
597
608
593
611
621
615
624
610
628
617
636
603
642
596
638
605
631
601
636
599
647
606
662
606
661
610
665
613
666
612
670
621
679
627
677
634
682
636
686
644
687
644
693
652
697
654
701
654
705
660
707
658
711
666
714
663
722
672
725
675
670
675
680
676
732
682
735
735
740
737
736
680
736
677
682
736
673
729
666
729
679
735
667
725
660
726
666
728
667
728
670
718
675
728
656
724
659
720
656
719
648
718
645
718
634
718
638
721
633
722
620
618
715
612
720
605
720
600
717
722
594
577
714
581
722
570
717
559
716
558
715
563
717
552
714
556
714
559
713
558
712
554
714
551
715
560
711
552
711
555
712
561
709
559
571
709
564
712
572
706
573
706
575
710
576
705
574
706
578
706
586
707
592
704
596
711
596
706
602
705
598
710
604
708
608
707
621
707
624
709
628
709
636
707
641
712
638
709
631
711
635
709
647
710
662
712
661
711
665
712
666
713
670
715
679
707
677
719
682
708
686
714
687
693
718
697
709
701
719
705
717
707
713
711
715
714
711
722
716
725
711
732
712
735
713
735
710
740
710
737
713
736
716
736
723
736
715
729
711
729
735
717
725
718
726
722
728
729
728
725
718
727
728
724
727
720
732
718
729
