21505
17409
21505
17409
21505
21505
0
21505
17409
21505
-9
21494
17410
21505
17409
21495
21505
0
21505
17409
21505
17409
21505
17409
21505
17410
21505
17409
21495
17409
21505
17409
21505
17409
21505
17410
21495
17409
21494
17409
21505
17410
21495
17409
21494
17409
21495
17409
21505
17409
21504
17409
21505
17409
21505
17409
21505
17409
21496
17409
21505
17409
21504
17409
21505
17409
21504
17410
21505
21505
17410
21504
17409
0
0
0
17409
17409
17409
17410
17409
17410
20
0
10
17410
17409
17410
17410
20
17410
17410
21505
21505
21504
21505
21505
21505
21505
21505
21505
21505
21505
21505
21505
21505
21505
21505
21505
21505
21505
21505
17410
21495
17410
21505
17410
21506
17410
21505
17410
21505
0
21505
17410
21505
17409
21505
21506
21505
20
21505
21505
21505
17410
21505
17410
21505
17410
21505
21506
0
21505
9
21505
17410
21505
20
21505
9
21495
21495
17410
21505
0
9
0
10
17410
21505
21506
21505
21505
21506
21505
21505
21506
21505
21506
21505
21505
17409
21506
21505
0
21505
17410
21505
21506
17409
21505
17409
21505
21505
17409
21505
0
21505
17409
21506
17409
21505
21505
21505
21505
21506
21505
21505
21506
21505
21505
17409
17409
17409
17409
17409
17409
17409
17409
17409
21505
17409
21505
21505
21505
17409
21505
-20
21505
0
21505
21505
17409
21505
17409
21505
0
21506
21505
17409
21506
-30
21505
17409
21505
0
21505
21505
17409
21505
17409
21505
17409
21505
17409
21506
-10
21505
17409
21506
21505
21506
-9
21505
17409
21506
17409
21505
0
21506
0
21506
17409
21505
17409
21506
17409
21506
21494
21494
17409
21494
17409
21506
0
21506
17409
21506
17409
21506
21506
21506
21505
21506
17409
21505
17409
17409
17409
17409
17409
21506
17409
21506
21505
17409
21506
17409
21506
17409
21506
17409
21506
17409
21506
17410
21505
21506
17410
21506
21506
0
21506
21505
21506
21506
17409
21505
17409
21505
17409
21505
17409
21506
17409
21505
21506
17409
21505
17409
21505
17409
21505
17409
17409
21505
21506
17409
21505
17409
21505
17409
21505
17409
21506
17409
21505
17409
21505
17409
21505
17409
21505
17409
21505
17409
21505
17409
21505
17409
21505
17409
21505
17410
21505
17409
21505
17409
21505
21505
17409
21505
17409
21505
17410
21505
17409
21505
17409
21505
17409
21505
17409
21505
17409
21505
17409
21495
17409
21496
17409
21495
17409
21495
17409
21496
17409
21495
17409
21496
17409
21496
17409
21505
17409
21505
17410
21505
17409
21505
17409
21505
17409
21505
17409
21505
17410
21505
17409
21505
17409
21505
17409
21505
17409
21505
17409
21505
17409
21505
17409
21505
17409
21505
17409
21505
17410
21505
21505
17409
21505
17409
21505
17409
21505
17410
21505
17409
21505
17409
21505
-10
21505
0
21505
0
21505
17409
21505
21505
0
21505
17410
21505
17409
21505
17409
21505
17409
21505
17409
21505
17409
21505
21505
17409
21505
17409
21506
17409
21505
17409
21506
17409
21505
17409
21505
21505
17409
21505
17409
21505
17409
