450601090	76546890
450601130	76546900
450601160	76546920
450601190	76546940
450601220	76546960
450601260	76546980
450601290	76547000
450601320	76547020
450601360	76547040
450601390	76547060
450601430	76547080
450601460	76547110
450601500	76547130
450601530	76547150
450601570	76547170
450601610	76547190
450601650	76547220
450601690	76547240
450601730	76547260
450601760	76547280
450601810	76547310
450601850	76547330
450601890	76547350
450601930	76547380
450601980	76547400
450602020	76547420
450602060	76547450
450602110	76547470
450602160	76547500
450602200	76547520
450602250	76547550
450602300	76547570
450602350	76547600
450602400	76547630
450602440	76547650
450602500	76547680
450602550	76547710
450602600	76547740
450602650	76547760
450602700	76547790
450602750	76547820
450602790	76547850
450602840	76547890
450602890	76547920
450602950	76547950
450603000	76547990
450603050	76548020
450603100	76548060
450603150	76548100
450603200	76548140
450603250	76548180
450603300	76548220
450603350	76548260
450603410	76548310
450603460	76548350
450603510	76548400
450603560	76548450
450603610	76548490
450603670	76548540
450603720	76548590
450603770	76548640
450603830	76548690
450603880	76548740
450603930	76548790
450603980	76548840
450604040	76548890
450604090	76548940
450604140	76548990
450604190	76549040
450604240	76549080
450604290	76549130
450604340	76549170
450604390	76549220
450604440	76549260
450604490	76549300
450604530	76549340
450604580	76549380
450604620	76549420
450604660	76549450
450604710	76549490
450604750	76549520
450604790	76549550
450604830	76549580
450604860	76549620
450604900	76549650
450604940	76549670
450604970	76549690
450605000	76549720
450605040	76549740
450605070	76549770
450605100	76549780
450605130	76549800
450605150	76549820
450605180	76549830
450605210	76549850
450605230	76549860
450605260	76549880
450605280	76549890
450605310	76549900
450605330	76549910
450605360	76549920
450605380	76549930
450605410	76549940
450605440	76549940
450605470	76549960
450605500	76549950
450605530	76549950
450605560	76549950
450605590	76549950
450605620	76549940
450605650	76549930
450605680	76549930
450605720	76549910
450605750	76549900
450605780	76549880
450605810	76549860
450605840	76549830
450605870	76549800
450605900	76549780
450605930	76549750
450605960	76549720
450605990	76549680
450606020	76549650
450606040	76549600
450606060	76549560
450606090	76549520
450606100	76549470
450606120	76549430
450606140	76549390
450606160	76549330
450606200	76549240
450606210	76549190
450606230	76549150
450606250	76549090
450606260	76549050
450606280	76548990
450606290	76548940
450606300	76548890
450606310	76548840
450606320	76548790
450606320	76548740
450606340	76548680
450606340	76548630
450606340	76548580
450606340	76548520
450606340	76548460
450606340	76548410
450606310	76548190
450606290	76548140
450606270	76548080
450606230	76547980
450605950	76547560
450605730	76547360
450605640	76547290
450605530	76547210
450605480	76547180
450605250	76547020
450605200	76546970
450605140	76546930
450605070	76546880
450605010	76546840
450604950	76546790
450604880	76546750
450604810	76546700
450604750	76546650
450604680	76546600
450604610	76546550
450604540	76546500
450604470	76546450
450604390	76546400
450604320	76546350
450604250	76546300
450604180	76546250
450604110	76546200
450604040	76546150
450603970	76546110
450603900	76546050
450603830	76546010
450603760	76545960
450603690	76545920
450603630	76545870
450603560	76545820
450603490	76545770
450603420	76545730
450603360	76545680
450603290	76545640
450603230	76545590
450603160	76545550
450603100	76545500
450603030	76545460
450602970	76545420
450602910	76545370
450602790	76545290
450602670	76545210
450602300	76544950
450602200	76544890
450602100	76544820
450602060	76544790
450601970	76544730
450601850	76544650
450601820	76544620
450601540	76544430
450601490	76544390
450601440	76544350
450601400	76544320
450601360	76544300
450601340	76544280
450601290	76544250
450601270	76544240
450601230	76544220
450601180	76544200
450601080	76544180
450601020	76544190
450600940	76544210
450600930	76544220
450600880	76544250
450600860	76544250
450600850	76544280
450600830	76544280
450600820	76544310
450600810	76544330
450600800	76544400
450600760	76544400
450600750	76544430
450600740	76544450
450600730	76544470
450600740	76544510
450600710	76544510
450600690	76544590
450600670	76544600
450600650	76544640
450600640	76544700
450600630	76544750
450600610	76544770
450600610	76544800
450600600	76544820
450600590	76544850
450600580	76544870
450600590	76544910
450600560	76544970
450600560	76545000
450600550	76545060
450600550	76545100
450600540	76545130
450600540	76545160
450600530	76545200
450600530	76545230
450600520	76545260
450600530	76545300
450600510	76545330
450600500	76545370
450600500	76545410
450600500	76545440
450600500	76545480
450600500	76545520
450600490	76545560
450600480	76545600
450600490	76545640
450600500	76545680
450600480	76545720
450600490	76545760
450600490	76545800
450600490	76545830
450600490	76545860
450600490	76545890
450600470	76545920
450600490	76545950
450600470	76545970
450600480	76545990
450600470	76546010
450600480	76546030
450600460	76546040
450600470	76546060
450600470	76546080
450600470	76546170
450600500	76546170
450600500	76546190
450600500	76546200
450600520	76546200
450600500	76546230
450600520	76546240
450600540	76546250
450600530	76546270
450600540	76546280
450600560	76546290
450600590	76546330
450600600	76546350
450600630	76546350
450600640	76546370
450600660	76546380
450600680	76546400
450600700	76546410
450600720	76546420
450600740	76546440
450600760	76546450
450600790	76546460
450600810	76546470
450600830	76546490
450600850	76546500
450600870	76546510
450600900	76546520
450600920	76546540
450600940	76546550
450600960	76546560
450600990	76546570
450601010	76546580
450601040	76546600
450601070	76546610
450601090	76546630
450601120	76546650
450601150	76546670
450601180	76546690
450601210	76546700
450601240	76546730
450601270	76546750
450601310	76546770
450601340	76546800
450601380	76546820
450601410	76546850
450601450	76546880
450601490	76546900
450601530	76546930
450601570	76546960
450601610	76546990
450601650	76547020
450601700	76547060
450601740	76547090
450601790	76547130
450601840	76547160
450601880	76547200
450601920	76547230
450601970	76547270
450602010	76547300
450602060	76547330
450602100	76547370
450602150	76547410
450602200	76547440
450602240	76547480
450602290	76547520
450602340	76547560
450602390	76547590
450602440	76547630
450602490	76547670
450602540	76547710
450602600	76547750
450602650	76547790
450602710	76547830
450602770	76547880
450602820	76547920
450602880	76547960
450602940	76548010
450603000	76548060
450603060	76548100
450603130	76548160
450603190	76548210
450603250	76548260
450603310	76548310
450603370	76548360
450603440	76548410
450603500	76548460
450603560	76548520
450603620	76548570
450603680	76548620
450603740	76548680
450603800	76548730
450603850	76548780
450603910	76548830
450603970	76548880
450604030	76548940
450604080	76548990
450604140	76549040
450604190	76549090
450604250	76549140
450604300	76549180
450604350	76549230
450604410	76549280
450604460	76549320
450604510	76549360
450604560	76549400
450604600	76549450
450604650	76549480
450604690	76549510
450604740	76549550
450604780	76549590
450604820	76549620
450604860	76549650
450604900	76549670
450604940	76549700
450604970	76549730
450605010	76549750
450605040	76549770
450605070	76549790
450605100	76549810
450605120	76549830
450605150	76549840
450605170	76549860
450605190	76549870
450605210	76549880
450605230	76549890
450605250	76549900
450605260	76549900
450605280	76549920
450605290	76549930
450605310	76549920
450605330	76549940
450605340	76549940
450605360	76549950
450605370	76549950
450605390	76549950
450605400	76549960
450605410	76549950
450605430	76549970
450605440	76549950
450605450	76549960
450605470	76549960
450605480	76549950
450605490	76549950
450605500	76549950
450605520	76549950
450605530	76549950
450605540	76549930
450605550	76549940
450605570	76549940
450605580	76549930
450605590	76549920
450605610	76549920
450605620	76549910
450605640	76549900
450605650	76549890
450605670	76549890
450605680	76549870
450605700	76549860
450605710	76549850
450605730	76549830
450605750	76549810
450605770	76549800
450605790	76549780
450605810	76549760
450605830	76549740
450605840	76549710
450605870	76549690
450605890	76549660
450605900	76549630
450605930	76549600
450605950	76549570
450605970	76549540
450605990	76549500
450606010	76549470
450606050	76549380
450606090	76549300
450606130	76549210
450606150	76549170
450606170	76549120
450606190	76549030
450606210	76548990
450606220	76548940
450606230	76548890
450606240	76548850
450606250	76548800
450606250	76548760
450606260	76548710
450606270	76548630
450606270	76548580
450606230	76548180
450606170	76548000
450605690	76547400
450605630	76547360
450605520	76547290
450605470	76547250
450605410	76547210
450605350	76547170
450605180	76547050
450605120	76547010
450605060	76546970
450605000	76546930
450604940	76546890
450604880	76546850
450604820	76546800
450604750	76546760
450604690	76546720
450604620	76546670
450604560	76546630
450604490	76546580
450604420	76546530
450604350	76546480
450604280	76546440
450604210	76546390
450604140	76546330
450604060	76546290
450603990	76546230
450603920	76546180
450603840	76546130
450603770	76546080
450603700	76546030
450603630	76545970
450603560	76545920
450603480	76545870
450603410	76545820
450603340	76545770
450603270	76545710
450603200	76545660
450603130	76545610
450603070	76545560
450603000	76545510
450602930	76545460
450602800	76545370
450602740	76545320
450602320	76545000
450602160	76544870
450602110	76544830
450601920	76544690
450601870	76544650
450601830	76544620
450601680	76544510
450601510	76544380
450601480	76544360
450601450	76544340
450601400	76544310
450601370	76544290
450601280	76544250
450601250	76544230
450601200	76544210
450601170	76544200
450600910	76544220
450600900	76544220
450600880	76544220
450600840	76544250
450600830	76544260
450600810	76544270
450600790	76544280
450600780	76544300
450600760	76544310
450600720	76544370
450600690	76544380
450600690	76544420
450600670	76544430
450600650	76544480
450600590	76544540
450600610	76544590
450600580	76544600
450600590	76544640
450600560	76544660
450600540	76544720
450600540	76544760
450600520	76544820
450600520	76544860
450600510	76544890
450600500	76544930
450600480	76544960
450600480	76545000
450600470	76545030
450600470	76545070
450600460	76545110
450600440	76545190
450600440	76545230
450600440	76545270
450600430	76545310
450600430	76545350
450600430	76545390
450600410	76545440
450600420	76545480
450600410	76545530
450600410	76545570
450600410	76545620
450600400	76545670
450600400	76545720
450600400	76545770
450600380	76545810
450600400	76545860
450600400	76545910
450600410	76545960
450600410	76546020
450600420	76546070
450600420	76546120
450600440	76546170
450600440	76546220
450600460	76546270
450600480	76546320
450600500	76546370
450600520	76546420
450600560	76546470
450600590	76546510
450600630	76546560
450600660	76546600
450600700	76546650
450600740	76546690
450600790	76546730
450600830	76546770
450600870	76546810
450600920	76546850
450600970	76546880
450601020	76546920
450601070	76546950
450601120	76546990
450601170	76547020
450601220	76547050
450601280	76547080
450601330	76547120
450601390	76547150
450601450	76547180
450601510	76547210
450601560	76547250
450601620	76547280
450601680	76547310
450601740	76547340
450601800	76547380
450601860	76547410
450601920	76547440
450601990	76547470
450602050	76547500
450602110	76547530
450602170	76547560
450602230	76547600
450602300	76547630
450602360	76547670
450602420	76547700
450602490	76547740
450602550	76547770
450602610	76547810
450602670	76547850
450602740	76547900
450602800	76547940
450602860	76547980
450602920	76548030
450602980	76548080
450603040	76548130
450603110	76548180
450603170	76548230
450603230	76548290
450603290	76548350
450603350	76548400
450603410	76548460
450603460	76548520
450603520	76548580
450603580	76548630
450603640	76548690
450603700	76548740
450603760	76548790
450603810	76548850
450603870	76548900
450603930	76548950
450603980	76549000
450604040	76549050
450604100	76549100
450604150	76549140
450604210	76549180
450604260	76549230
450604320	76549270
450604370	76549310
450604420	76549350
450604470	76549390
450604520	76549420
450604570	76549460
450604620	76549490
450604660	76549520
450604710	76549560
450604750	76549590
450604790	76549620
450604830	76549650
450604870	76549670
450604910	76549700
450604940	76549730
450604980	76549750
450605010	76549770
450605040	76549790
450605070	76549810
450605100	76549830
450605120	76549840
450605150	76549860
450605170	76549870
450605190	76549880
450605200	76549890
450605220	76549900
450605230	76549910
450605240	76549920
450605260	76549930
450605270	76549930
450605280	76549930
450605290	76549940
450605310	76549950
450605320	76549960
450605330	76549960
450605340	76549970
450605360	76549950
450605370	76549980
450605380	76549960
450605390	76549980
450605410	76549970
450605420	76549990
450605430	76549990
450605440	76549970
450605450	76549990
450605470	76549980
450605550	76549970
450605570	76549980
450605580	76549970
450605600	76549960
450605620	76549950
450605630	76549940
450605650	76549930
450605670	76549920
450605700	76549910
450605710	76549900
450605740	76549880
450605760	76549860
450605780	76549840
450605810	76549820
450605830	76549790
450605850	76549770
450605870	76549750
450605890	76549720
450605920	76549700
450605930	76549660
450605960	76549630
450605980	76549590
450606000	76549560
450606020	76549520
450606030	76549490
450606060	76549450
450606070	76549410
450606100	76549370
450606110	76549330
450606180	76549160
450606190	76549110
450606220	76549030
450606230	76548980
450606240	76548940
450606250	76548890
450606260	76548850
450606260	76548810
450606270	76548760
450606270	76548710
450606280	76548670
450606280	76548580
450606280	76548490
450606280	76548450
450606260	76548360
450606240	76548230
450606230	76548190
450606150	76547960
450606000	76547730
450605700	76547430
450605600	76547340
450605540	76547300
450605520	76547280
450605490	76547260
450605460	76547240
450605430	76547220
450605410	76547190
450605380	76547170
450605350	76547160
450605330	76547130
450605210	76547050
450605180	76547030
450605160	76547000
450605130	76546980
450605100	76546960
450605070	76546940
450605040	76546920
450605010	76546890
450604990	76546880
450604960	76546850
450604930	76546840
450604900	76546820
450604880	76546790
450604860	76546780
450604830	76546750
450604810	76546740
450604760	76546700
450604740	76546690
450604720	76546670
450604700	76546660
450604680	76546640
450604660	76546620
450604630	76546610
450604610	76546590
450604590	76546580
450604570	76546560
450604550	76546540
450604530	76546530
450604500	76546520
450604480	76546490
450604450	76546480
450604430	76546460
450604400	76546440
450604380	76546430
450604350	76546400
450604320	76546390
450604300	76546370
450604270	76546350
450604250	76546330
450604220	76546310
450604190	76546290
450604170	76546270
450604140	76546260
450604120	76546250
450604100	76546230
