45.060109 7.654689
45.060113 7.654690
45.060116 7.654692
45.060119 7.654694
45.060122 7.654696
45.060126 7.654698
45.060129 7.654700
45.060132 7.654702
45.060136 7.654704
45.060139 7.654706
45.060143 7.654708
45.060146 7.654711
45.060150 7.654713
45.060153 7.654715
45.060157 7.654717
45.060161 7.654719
45.060165 7.654722
45.060169 7.654724
45.060173 7.654726
45.060176 7.654728
45.060181 7.654731
45.060185 7.654733
45.060189 7.654735
45.060193 7.654738
45.060198 7.654740
45.060202 7.654742
45.060206 7.654745
45.060211 7.654747
45.060216 7.654750
45.060220 7.654752
45.060225 7.654755
45.060230 7.654757
45.060235 7.654760
45.060240 7.654763
45.060244 7.654765
45.060250 7.654768
45.060255 7.654771
45.060260 7.654774
45.060265 7.654776
45.060270 7.654779
45.060275 7.654782
45.060279 7.654785
45.060284 7.654789
45.060289 7.654792
45.060295 7.654795
45.060300 7.654799
45.060305 7.654802
45.060310 7.654806
45.060315 7.654810
45.060320 7.654814
45.060325 7.654818
45.060330 7.654822
45.060335 7.654826
45.060341 7.654831
45.060346 7.654835
45.060351 7.654840
45.060356 7.654845
45.060361 7.654849
45.060367 7.654854
45.060372 7.654859
45.060377 7.654864
45.060383 7.654869
45.060388 7.654874
45.060393 7.654879
45.060398 7.654884
45.060404 7.654889
45.060409 7.654894
45.060414 7.654899
45.060419 7.654904
45.060424 7.654908
45.060429 7.654913
45.060434 7.654917
45.060439 7.654922
45.060444 7.654926
45.060449 7.654930
45.060453 7.654934
45.060458 7.654938
45.060462 7.654942
45.060466 7.654945
45.060471 7.654949
45.060475 7.654952
45.060479 7.654955
45.060483 7.654958
45.060486 7.654962
45.060490 7.654965
45.060494 7.654967
45.060497 7.654969
45.060500 7.654972
45.060504 7.654974
45.060507 7.654977
45.060510 7.654978
45.060513 7.654980
45.060515 7.654982
45.060518 7.654983
45.060521 7.654985
45.060523 7.654986
45.060526 7.654988
45.060528 7.654989
45.060531 7.654990
45.060533 7.654991
45.060536 7.654992
45.060538 7.654993
45.060541 7.654994
45.060544 7.654994
45.060547 7.654996
45.060550 7.654995
45.060553 7.654995
45.060556 7.654995
45.060559 7.654995
45.060562 7.654994
45.060565 7.654993
45.060568 7.654993
45.060572 7.654991
45.060575 7.654990
45.060578 7.654988
45.060581 7.654986
45.060584 7.654983
45.060587 7.654980
45.060590 7.654978
45.060593 7.654975
45.060596 7.654972
45.060599 7.654968
45.060602 7.654965
45.060604 7.654960
45.060606 7.654956
45.060609 7.654952
45.060610 7.654947
45.060612 7.654943
45.060614 7.654939
45.060616 7.654933
45.060620 7.654924
45.060621 7.654919
45.060623 7.654915
45.060625 7.654909
45.060626 7.654905
45.060628 7.654899
45.060629 7.654894
45.060630 7.654889
45.060631 7.654884
45.060632 7.654879
45.060632 7.654874
45.060634 7.654868
45.060634 7.654863
45.060634 7.654858
45.060634 7.654852
45.060634 7.654846
45.060634 7.654841
45.060631 7.654819
45.060629 7.654814
45.060627 7.654808
45.060623 7.654798
45.060595 7.654756
45.060573 7.654736
45.060564 7.654729
45.060553 7.654721
45.060548 7.654718
45.060525 7.654702
45.060520 7.654697
45.060514 7.654693
45.060507 7.654688
45.060501 7.654684
45.060495 7.654679
45.060488 7.654675
45.060481 7.654670
45.060475 7.654665
45.060468 7.654660
45.060461 7.654655
45.060454 7.654650
45.060447 7.654645
45.060439 7.654640
45.060432 7.654635
45.060425 7.654630
45.060418 7.654625
45.060411 7.654620
45.060404 7.654615
45.060397 7.654611
45.060390 7.654605
45.060383 7.654601
45.060376 7.654596
45.060369 7.654592
45.060363 7.654587
45.060356 7.654582
45.060349 7.654577
45.060342 7.654573
45.060336 7.654568
45.060329 7.654564
45.060323 7.654559
45.060316 7.654555
45.060310 7.654550
45.060303 7.654546
45.060297 7.654542
45.060291 7.654537
45.060279 7.654529
45.060267 7.654521
45.060230 7.654495
45.060220 7.654489
45.060210 7.654482
45.060206 7.654479
45.060197 7.654473
45.060185 7.654465
45.060182 7.654462
45.060154 7.654443
45.060149 7.654439
45.060144 7.654435
45.060140 7.654432
45.060136 7.654430
45.060134 7.654428
45.060129 7.654425
45.060127 7.654424
45.060123 7.654422
45.060118 7.654420
45.060108 7.654418
45.060102 7.654419
45.060094 7.654421
45.060093 7.654422
45.060088 7.654425
45.060086 7.654425
45.060085 7.654428
45.060083 7.654428
45.060082 7.654431
45.060081 7.654433
45.060080 7.654440
45.060076 7.654440
45.060075 7.654443
45.060074 7.654445
45.060073 7.654447
45.060074 7.654451
45.060071 7.654451
45.060069 7.654459
45.060067 7.654460
45.060065 7.654464
45.060064 7.654470
45.060063 7.654475
45.060061 7.654477
45.060061 7.654480
45.060060 7.654482
45.060059 7.654485
45.060058 7.654487
45.060059 7.654491
45.060056 7.654497
45.060056 7.654500
45.060055 7.654506
45.060055 7.654510
45.060054 7.654513
45.060054 7.654516
45.060053 7.654520
45.060053 7.654523
45.060052 7.654526
45.060053 7.654530
45.060051 7.654533
45.060050 7.654537
45.060050 7.654541
45.060050 7.654544
45.060050 7.654548
45.060050 7.654552
45.060049 7.654556
45.060048 7.654560
45.060049 7.654564
45.060050 7.654568
45.060048 7.654572
45.060049 7.654576
45.060049 7.654580
45.060049 7.654583
45.060049 7.654586
45.060049 7.654589
45.060047 7.654592
45.060049 7.654595
45.060047 7.654597
45.060048 7.654599
45.060047 7.654601
45.060048 7.654603
45.060046 7.654604
45.060047 7.654606
45.060047 7.654608
45.060047 7.654617
45.060050 7.654617
45.060050 7.654619
45.060050 7.654620
45.060052 7.654620
45.060050 7.654623
45.060052 7.654624
45.060054 7.654625
45.060053 7.654627
45.060054 7.654628
45.060056 7.654629
45.060059 7.654633
45.060060 7.654635
45.060063 7.654635
45.060064 7.654637
45.060066 7.654638
45.060068 7.654640
45.060070 7.654641
45.060072 7.654642
45.060074 7.654644
45.060076 7.654645
45.060079 7.654646
45.060081 7.654647
45.060083 7.654649
45.060085 7.654650
45.060087 7.654651
45.060090 7.654652
45.060092 7.654654
45.060094 7.654655
45.060096 7.654656
45.060099 7.654657
45.060101 7.654658
45.060104 7.654660
45.060107 7.654661
45.060109 7.654663
45.060112 7.654665
45.060115 7.654667
45.060118 7.654669
45.060121 7.654670
45.060124 7.654673
45.060127 7.654675
45.060131 7.654677
45.060134 7.654680
45.060138 7.654682
45.060141 7.654685
45.060145 7.654688
45.060149 7.654690
45.060153 7.654693
45.060157 7.654696
45.060161 7.654699
45.060165 7.654702
45.060170 7.654706
45.060174 7.654709
45.060179 7.654713
45.060184 7.654716
45.060188 7.654720
45.060192 7.654723
45.060197 7.654727
45.060201 7.654730
45.060206 7.654733
45.060210 7.654737
45.060215 7.654741
45.060220 7.654744
45.060224 7.654748
45.060229 7.654752
45.060234 7.654756
45.060239 7.654759
45.060244 7.654763
45.060249 7.654767
45.060254 7.654771
45.060260 7.654775
45.060265 7.654779
45.060271 7.654783
45.060277 7.654788
45.060282 7.654792
45.060288 7.654796
45.060294 7.654801
45.060300 7.654806
45.060306 7.654810
45.060313 7.654816
45.060319 7.654821
45.060325 7.654826
45.060331 7.654831
45.060337 7.654836
45.060344 7.654841
45.060350 7.654846
45.060356 7.654852
45.060362 7.654857
45.060368 7.654862
45.060374 7.654868
45.060380 7.654873
45.060385 7.654878
45.060391 7.654883
45.060397 7.654888
45.060403 7.654894
45.060408 7.654899
45.060414 7.654904
45.060419 7.654909
45.060425 7.654914
45.060430 7.654918
45.060435 7.654923
45.060441 7.654928
45.060446 7.654932
45.060451 7.654936
45.060456 7.654940
45.060460 7.654945
45.060465 7.654948
45.060469 7.654951
45.060474 7.654955
45.060478 7.654959
45.060482 7.654962
45.060486 7.654965
45.060490 7.654967
45.060494 7.654970
45.060497 7.654973
45.060501 7.654975
45.060504 7.654977
45.060507 7.654979
45.060510 7.654981
45.060512 7.654983
45.060515 7.654984
45.060517 7.654986
45.060519 7.654987
45.060521 7.654988
45.060523 7.654989
45.060525 7.654990
45.060526 7.654990
45.060528 7.654992
45.060529 7.654993
45.060531 7.654992
45.060533 7.654994
45.060534 7.654994
45.060536 7.654995
45.060537 7.654995
45.060539 7.654995
45.060540 7.654996
45.060541 7.654995
45.060543 7.654997
45.060544 7.654995
45.060545 7.654996
45.060547 7.654996
45.060548 7.654995
45.060549 7.654995
45.060550 7.654995
45.060552 7.654995
45.060553 7.654995
45.060554 7.654993
45.060555 7.654994
45.060557 7.654994
45.060558 7.654993
45.060559 7.654992
45.060561 7.654992
45.060562 7.654991
45.060564 7.654990
45.060565 7.654989
45.060567 7.654989
45.060568 7.654987
45.060570 7.654986
45.060571 7.654985
45.060573 7.654983
45.060575 7.654981
45.060577 7.654980
45.060579 7.654978
45.060581 7.654976
45.060583 7.654974
45.060584 7.654971
45.060587 7.654969
45.060589 7.654966
45.060590 7.654963
45.060593 7.654960
45.060595 7.654957
45.060597 7.654954
45.060599 7.654950
45.060601 7.654947
45.060605 7.654938
45.060609 7.654930
45.060613 7.654921
45.060615 7.654917
45.060617 7.654912
45.060619 7.654903
45.060621 7.654899
45.060622 7.654894
45.060623 7.654889
45.060624 7.654885
45.060625 7.654880
45.060625 7.654876
45.060626 7.654871
45.060627 7.654863
45.060627 7.654858
45.060623 7.654818
45.060617 7.654800
45.060569 7.654740
45.060563 7.654736
45.060552 7.654729
45.060547 7.654725
45.060541 7.654721
45.060535 7.654717
45.060518 7.654705
45.060512 7.654701
45.060506 7.654697
45.060500 7.654693
45.060494 7.654689
45.060488 7.654685
45.060482 7.654680
45.060475 7.654676
45.060469 7.654672
45.060462 7.654667
45.060456 7.654663
45.060449 7.654658
45.060442 7.654653
45.060435 7.654648
45.060428 7.654644
45.060421 7.654639
45.060414 7.654633
45.060406 7.654629
45.060399 7.654623
45.060392 7.654618
45.060384 7.654613
45.060377 7.654608
45.060370 7.654603
45.060363 7.654597
45.060356 7.654592
45.060348 7.654587
45.060341 7.654582
45.060334 7.654577
45.060327 7.654571
45.060320 7.654566
45.060313 7.654561
45.060307 7.654556
45.060300 7.654551
45.060293 7.654546
45.060280 7.654537
45.060274 7.654532
45.060232 7.654500
45.060216 7.654487
45.060211 7.654483
45.060192 7.654469
45.060187 7.654465
45.060183 7.654462
45.060168 7.654451
45.060151 7.654438
45.060148 7.654436
45.060145 7.654434
45.060140 7.654431
45.060137 7.654429
45.060128 7.654425
45.060125 7.654423
45.060120 7.654421
45.060117 7.654420
45.060091 7.654422
45.060090 7.654422
45.060088 7.654422
45.060084 7.654425
45.060083 7.654426
45.060081 7.654427
45.060079 7.654428
45.060078 7.654430
45.060076 7.654431
45.060072 7.654437
45.060069 7.654438
45.060069 7.654442
45.060067 7.654443
45.060065 7.654448
45.060059 7.654454
45.060061 7.654459
45.060058 7.654460
45.060059 7.654464
45.060056 7.654466
45.060054 7.654472
45.060054 7.654476
45.060052 7.654482
45.060052 7.654486
45.060051 7.654489
45.060050 7.654493
45.060048 7.654496
45.060048 7.654500
45.060047 7.654503
45.060047 7.654507
45.060046 7.654511
45.060044 7.654519
45.060044 7.654523
45.060044 7.654527
45.060043 7.654531
45.060043 7.654535
45.060043 7.654539
45.060041 7.654544
45.060042 7.654548
45.060041 7.654553
45.060041 7.654557
45.060041 7.654562
45.060040 7.654567
45.060040 7.654572
45.060040 7.654577
45.060038 7.654581
45.060040 7.654586
45.060040 7.654591
45.060041 7.654596
45.060041 7.654602
45.060042 7.654607
45.060042 7.654612
45.060044 7.654617
45.060044 7.654622
45.060046 7.654627
45.060048 7.654632
45.060050 7.654637
45.060052 7.654642
45.060056 7.654647
45.060059 7.654651
45.060063 7.654656
45.060066 7.654660
45.060070 7.654665
45.060074 7.654669
45.060079 7.654673
45.060083 7.654677
45.060087 7.654681
45.060092 7.654685
45.060097 7.654688
45.060102 7.654692
45.060107 7.654695
45.060112 7.654699
45.060117 7.654702
45.060122 7.654705
45.060128 7.654708
45.060133 7.654712
45.060139 7.654715
45.060145 7.654718
45.060151 7.654721
45.060156 7.654725
45.060162 7.654728
45.060168 7.654731
45.060174 7.654734
45.060180 7.654738
45.060186 7.654741
45.060192 7.654744
45.060199 7.654747
45.060205 7.654750
45.060211 7.654753
45.060217 7.654756
45.060223 7.654760
45.060230 7.654763
45.060236 7.654767
45.060242 7.654770
45.060249 7.654774
45.060255 7.654777
45.060261 7.654781
45.060267 7.654785
45.060274 7.654790
45.060280 7.654794
45.060286 7.654798
45.060292 7.654803
45.060298 7.654808
45.060304 7.654813
45.060311 7.654818
45.060317 7.654823
45.060323 7.654829
45.060329 7.654835
45.060335 7.654840
45.060341 7.654846
45.060346 7.654852
45.060352 7.654858
45.060358 7.654863
45.060364 7.654869
45.060370 7.654874
45.060376 7.654879
45.060381 7.654885
45.060387 7.654890
45.060393 7.654895
45.060398 7.654900
45.060404 7.654905
45.060410 7.654910
45.060415 7.654914
45.060421 7.654918
45.060426 7.654923
45.060432 7.654927
45.060437 7.654931
45.060442 7.654935
45.060447 7.654939
45.060452 7.654942
45.060457 7.654946
45.060462 7.654949
45.060466 7.654952
45.060471 7.654956
45.060475 7.654959
45.060479 7.654962
45.060483 7.654965
45.060487 7.654967
45.060491 7.654970
45.060494 7.654973
45.060498 7.654975
45.060501 7.654977
45.060504 7.654979
45.060507 7.654981
45.060510 7.654983
45.060512 7.654984
45.060515 7.654986
45.060517 7.654987
45.060519 7.654988
45.060520 7.654989
45.060522 7.654990
45.060523 7.654991
45.060524 7.654992
45.060526 7.654993
45.060527 7.654993
45.060528 7.654993
45.060529 7.654994
45.060531 7.654995
45.060532 7.654996
45.060533 7.654996
45.060534 7.654997
45.060536 7.654995
45.060537 7.654998
45.060538 7.654996
45.060539 7.654998
45.060541 7.654997
45.060542 7.654999
45.060543 7.654999
45.060544 7.654997
45.060545 7.654999
45.060547 7.654998
45.060555 7.654997
45.060557 7.654998
45.060558 7.654997
45.060560 7.654996
45.060562 7.654995
45.060563 7.654994
45.060565 7.654993
45.060567 7.654992
45.060570 7.654991
45.060571 7.654990
45.060574 7.654988
45.060576 7.654986
45.060578 7.654984
45.060581 7.654982
45.060583 7.654979
45.060585 7.654977
45.060587 7.654975
45.060589 7.654972
45.060592 7.654970
45.060593 7.654966
45.060596 7.654963
45.060598 7.654959
45.060600 7.654956
45.060602 7.654952
45.060603 7.654949
45.060606 7.654945
45.060607 7.654941
45.060610 7.654937
45.060611 7.654933
45.060618 7.654916
45.060619 7.654911
45.060622 7.654903
45.060623 7.654898
45.060624 7.654894
45.060625 7.654889
45.060626 7.654885
45.060626 7.654881
45.060627 7.654876
45.060627 7.654871
45.060628 7.654867
45.060628 7.654858
45.060628 7.654849
45.060628 7.654845
45.060626 7.654836
45.060624 7.654823
45.060623 7.654819
45.060615 7.654796
45.060600 7.654773
45.060570 7.654743
45.060560 7.654734
45.060554 7.654730
45.060552 7.654728
45.060549 7.654726
45.060546 7.654724
45.060543 7.654722
45.060541 7.654719
45.060538 7.654717
45.060535 7.654716
45.060533 7.654713
45.060521 7.654705
45.060518 7.654703
45.060516 7.654700
45.060513 7.654698
45.060510 7.654696
45.060507 7.654694
45.060504 7.654692
45.060501 7.654689
45.060499 7.654688
45.060496 7.654685
45.060493 7.654684
45.060490 7.654682
45.060488 7.654679
45.060486 7.654678
45.060483 7.654675
45.060481 7.654674
45.060476 7.654670
45.060474 7.654669
45.060472 7.654667
45.060470 7.654666
45.060468 7.654664
45.060466 7.654662
45.060463 7.654661
45.060461 7.654659
45.060459 7.654658
45.060457 7.654656
45.060455 7.654654
45.060453 7.654653
45.060450 7.654652
45.060448 7.654649
45.060445 7.654648
45.060443 7.654646
45.060440 7.654644
45.060438 7.654643
45.060435 7.654640
45.060432 7.654639
45.060430 7.654637
45.060427 7.654635
45.060425 7.654633
45.060422 7.654631
45.060419 7.654629
45.060417 7.654627
45.060414 7.654626
45.060412 7.654625
45.060410 7.654623
45.060109 7.654689
45.060113 7.654690
45.060116 7.654692
45.060119 7.654694
45.060122 7.654696
45.060126 7.654698
45.060129 7.654700
45.060132 7.654702
45.060136 7.654704
45.060139 7.654706
45.060143 7.654708
45.060146 7.654711
45.060150 7.654713
45.060153 7.654715
45.060157 7.654717
45.060161 7.654719
45.060165 7.654722
45.060169 7.654724
45.060173 7.654726
45.060176 7.654728
45.060181 7.654731
45.060185 7.654733
45.060189 7.654735
45.060193 7.654738
45.060198 7.654740
45.060202 7.654742
45.060206 7.654745
45.060211 7.654747
45.060216 7.654750
45.060220 7.654752
45.060225 7.654755
45.060230 7.654757
45.060235 7.654760
45.060240 7.654763
45.060244 7.654765
45.060250 7.654768
45.060255 7.654771
45.060260 7.654774
45.060265 7.654776
45.060270 7.654779
45.060275 7.654782
45.060279 7.654785
45.060284 7.654789
45.060289 7.654792
45.060295 7.654795
45.060300 7.654799
45.060305 7.654802
45.060310 7.654806
45.060315 7.654810
45.060320 7.654814
45.060325 7.654818
45.060330 7.654822
45.060335 7.654826
45.060341 7.654831
45.060346 7.654835
45.060351 7.654840
45.060356 7.654845
45.060361 7.654849
45.060367 7.654854
45.060372 7.654859
45.060377 7.654864
45.060383 7.654869
45.060388 7.654874
45.060393 7.654879
45.060398 7.654884
45.060404 7.654889
45.060409 7.654894
45.060414 7.654899
45.060419 7.654904
45.060424 7.654908
45.060429 7.654913
45.060434 7.654917
45.060439 7.654922
45.060444 7.654926
45.060449 7.654930
45.060453 7.654934
45.060458 7.654938
45.060462 7.654942
45.060466 7.654945
45.060471 7.654949
45.060475 7.654952
45.060479 7.654955
45.060483 7.654958
45.060486 7.654962
45.060490 7.654965
45.060494 7.654967
45.060497 7.654969
45.060500 7.654972
45.060504 7.654974
45.060507 7.654977
45.060510 7.654978
45.060513 7.654980
45.060515 7.654982
45.060518 7.654983
45.060521 7.654985
45.060523 7.654986
45.060526 7.654988
45.060528 7.654989
45.060531 7.654990
45.060533 7.654991
45.060536 7.654992
45.060538 7.654993
45.060541 7.654994
45.060544 7.654994
45.060547 7.654996
45.060550 7.654995
45.060553 7.654995
45.060556 7.654995
45.060559 7.654995
45.060562 7.654994
45.060565 7.654993
45.060568 7.654993
45.060572 7.654991
45.060575 7.654990
45.060578 7.654988
45.060581 7.654986
45.060584 7.654983
45.060587 7.654980
45.060590 7.654978
45.060593 7.654975
45.060596 7.654972
45.060599 7.654968
45.060602 7.654965
45.060604 7.654960
45.060606 7.654956
45.060609 7.654952
45.060610 7.654947
45.060612 7.654943
45.060614 7.654939
45.060616 7.654933
45.060620 7.654924
45.060621 7.654919
45.060623 7.654915
45.060625 7.654909
45.060626 7.654905
45.060628 7.654899
45.060629 7.654894
45.060630 7.654889
45.060631 7.654884
45.060632 7.654879
45.060632 7.654874
45.060634 7.654868
45.060634 7.654863
45.060634 7.654858
45.060634 7.654852
45.060634 7.654846
45.060634 7.654841
45.060631 7.654819
45.060629 7.654814
45.060627 7.654808
45.060623 7.654798
45.060595 7.654756
45.060573 7.654736
45.060564 7.654729
45.060553 7.654721
45.060548 7.654718
45.060525 7.654702
45.060520 7.654697
45.060514 7.654693
45.060507 7.654688
45.060501 7.654684
45.060495 7.654679
45.060488 7.654675
45.060481 7.654670
45.060475 7.654665
45.060468 7.654660
45.060461 7.654655
45.060454 7.654650
45.060447 7.654645
45.060439 7.654640
45.060432 7.654635
45.060425 7.654630
45.060418 7.654625
45.060411 7.654620
45.060404 7.654615
45.060397 7.654611
45.060390 7.654605
45.060383 7.654601
45.060376 7.654596
45.060369 7.654592
45.060363 7.654587
45.060356 7.654582
45.060349 7.654577
45.060342 7.654573
45.060336 7.654568
45.060329 7.654564
45.060323 7.654559
45.060316 7.654555
45.060310 7.654550
45.060303 7.654546
45.060297 7.654542
45.060291 7.654537
45.060279 7.654529
45.060267 7.654521
45.060230 7.654495
45.060220 7.654489
45.060210 7.654482
45.060206 7.654479
45.060197 7.654473
45.060185 7.654465
45.060182 7.654462
45.060154 7.654443
45.060149 7.654439
45.060144 7.654435
45.060140 7.654432
45.060136 7.654430
45.060134 7.654428
45.060129 7.654425
45.060127 7.654424
45.060123 7.654422
45.060118 7.654420
45.060108 7.654418
45.060102 7.654419
45.060094 7.654421
45.060093 7.654422
45.060088 7.654425
45.060086 7.654425
45.060085 7.654428
45.060083 7.654428
45.060082 7.654431
45.060081 7.654433
45.060080 7.654440
45.060076 7.654440
45.060075 7.654443
45.060074 7.654445
45.060073 7.654447
45.060074 7.654451
45.060071 7.654451
45.060069 7.654459
45.060067 7.654460
45.060065 7.654464
45.060064 7.654470
45.060063 7.654475
45.060061 7.654477
45.060061 7.654480
45.060060 7.654482
45.060059 7.654485
45.060058 7.654487
45.060059 7.654491
45.060056 7.654497
45.060056 7.654500
45.060055 7.654506
45.060055 7.654510
45.060054 7.654513
45.060054 7.654516
45.060053 7.654520
45.060053 7.654523
45.060052 7.654526
45.060053 7.654530
45.060051 7.654533
45.060050 7.654537
45.060050 7.654541
45.060050 7.654544
45.060050 7.654548
45.060050 7.654552
45.060049 7.654556
45.060048 7.654560
45.060049 7.654564
45.060050 7.654568
45.060048 7.654572
45.060049 7.654576
45.060049 7.654580
45.060049 7.654583
45.060049 7.654586
45.060049 7.654589
45.060047 7.654592
45.060049 7.654595
45.060047 7.654597
45.060048 7.654599
45.060047 7.654601
45.060048 7.654603
45.060046 7.654604
45.060047 7.654606
45.060047 7.654608
45.060047 7.654617
45.060050 7.654617
45.060050 7.654619
45.060050 7.654620
45.060052 7.654620
45.060050 7.654623
45.060052 7.654624
45.060054 7.654625
45.060053 7.654627
45.060054 7.654628
45.060056 7.654629
45.060059 7.654633
45.060060 7.654635
45.060063 7.654635
45.060064 7.654637
45.060066 7.654638
45.060068 7.654640
45.060070 7.654641
45.060072 7.654642
45.060074 7.654644
45.060076 7.654645
45.060079 7.654646
45.060081 7.654647
45.060083 7.654649
45.060085 7.654650
45.060087 7.654651
45.060090 7.654652
45.060092 7.654654
45.060094 7.654655
45.060096 7.654656
45.060099 7.654657
45.060101 7.654658
45.060104 7.654660
45.060107 7.654661
45.060109 7.654663
45.060112 7.654665
45.060115 7.654667
45.060118 7.654669
45.060121 7.654670
45.060124 7.654673
45.060127 7.654675
45.060131 7.654677
45.060134 7.654680
45.060138 7.654682
45.060141 7.654685
45.060145 7.654688
45.060149 7.654690
45.060153 7.654693
45.060157 7.654696
45.060161 7.654699
45.060165 7.654702
45.060170 7.654706
45.060174 7.654709
45.060179 7.654713
45.060184 7.654716
45.060188 7.654720
45.060192 7.654723
45.060197 7.654727
45.060201 7.654730
45.060206 7.654733
45.060210 7.654737
45.060215 7.654741
45.060220 7.654744
45.060224 7.654748
45.060229 7.654752
45.060234 7.654756
45.060239 7.654759
45.060244 7.654763
45.060249 7.654767
45.060254 7.654771
45.060260 7.654775
45.060265 7.654779
45.060271 7.654783
45.060277 7.654788
45.060282 7.654792
45.060288 7.654796
45.060294 7.654801
45.060300 7.654806
45.060306 7.654810
45.060313 7.654816
45.060319 7.654821
45.060325 7.654826
45.060331 7.654831
45.060337 7.654836
45.060344 7.654841
45.060350 7.654846
45.060356 7.654852
45.060362 7.654857
45.060368 7.654862
45.060374 7.654868
45.060380 7.654873
45.060385 7.654878
45.060391 7.654883
45.060397 7.654888
45.060403 7.654894
45.060408 7.654899
45.060414 7.654904
45.060419 7.654909
45.060425 7.654914
45.060430 7.654918
45.060435 7.654923
45.060441 7.654928
45.060446 7.654932
45.060451 7.654936
45.060456 7.654940
45.060460 7.654945
45.060465 7.654948
45.060469 7.654951
45.060474 7.654955
45.060478 7.654959
45.060482 7.654962
45.060486 7.654965
45.060490 7.654967
45.060494 7.654970
45.060497 7.654973
45.060501 7.654975
45.060504 7.654977
45.060507 7.654979
45.060510 7.654981
45.060512 7.654983
45.060515 7.654984
45.060517 7.654986
45.060519 7.654987
45.060521 7.654988
45.060523 7.654989
45.060525 7.654990
45.060526 7.654990
45.060528 7.654992
45.060529 7.654993
45.060531 7.654992
45.060533 7.654994
45.060534 7.654994
45.060536 7.654995
45.060537 7.654995
45.060539 7.654995
45.060540 7.654996
45.060541 7.654995
45.060543 7.654997
45.060544 7.654995
45.060545 7.654996
45.060547 7.654996
45.060548 7.654995
45.060549 7.654995
45.060550 7.654995
45.060552 7.654995
45.060553 7.654995
45.060554 7.654993
45.060555 7.654994
45.060557 7.654994
45.060558 7.654993
45.060559 7.654992
45.060561 7.654992
45.060562 7.654991
45.060564 7.654990
45.060565 7.654989
45.060567 7.654989
45.060568 7.654987
45.060570 7.654986
45.060571 7.654985
45.060573 7.654983
45.060575 7.654981
45.060577 7.654980
45.060579 7.654978
45.060581 7.654976
45.060583 7.654974
45.060584 7.654971
45.060587 7.654969
45.060589 7.654966
45.060590 7.654963
45.060593 7.654960
45.060595 7.654957
45.060597 7.654954
45.060599 7.654950
45.060601 7.654947
45.060605 7.654938
45.060609 7.654930
45.060613 7.654921
45.060615 7.654917
45.060617 7.654912
45.060619 7.654903
45.060621 7.654899
45.060622 7.654894
45.060623 7.654889
45.060624 7.654885
45.060625 7.654880
45.060625 7.654876
45.060626 7.654871
45.060627 7.654863
45.060627 7.654858
45.060623 7.654818
45.060617 7.654800
45.060569 7.654740
45.060563 7.654736
45.060552 7.654729
45.060547 7.654725
45.060541 7.654721
45.060535 7.654717
45.060518 7.654705
45.060512 7.654701
45.060506 7.654697
45.060500 7.654693
45.060494 7.654689
45.060488 7.654685
45.060482 7.654680
45.060475 7.654676
45.060469 7.654672
45.060462 7.654667
45.060456 7.654663
45.060449 7.654658
45.060442 7.654653
45.060435 7.654648
45.060428 7.654644
45.060421 7.654639
45.060414 7.654633
45.060406 7.654629
45.060399 7.654623
45.060392 7.654618
45.060384 7.654613
45.060377 7.654608
45.060370 7.654603
45.060363 7.654597
45.060356 7.654592
45.060348 7.654587
45.060341 7.654582
45.060334 7.654577
45.060327 7.654571
45.060320 7.654566
45.060313 7.654561
45.060307 7.654556
45.060300 7.654551
45.060293 7.654546
45.060280 7.654537
45.060274 7.654532
45.060232 7.654500
45.060216 7.654487
45.060211 7.654483
45.060192 7.654469
45.060187 7.654465
45.060183 7.654462
45.060168 7.654451
45.060151 7.654438
45.060148 7.654436
45.060145 7.654434
45.060140 7.654431
45.060137 7.654429
45.060128 7.654425
45.060125 7.654423
45.060120 7.654421
45.060117 7.654420
45.060091 7.654422
45.060090 7.654422
45.060088 7.654422
45.060084 7.654425
45.060083 7.654426
45.060081 7.654427
45.060079 7.654428
45.060078 7.654430
45.060076 7.654431
45.060072 7.654437
45.060069 7.654438
45.060069 7.654442
45.060067 7.654443
45.060065 7.654448
45.060059 7.654454
45.060061 7.654459
45.060058 7.654460
45.060059 7.654464
45.060056 7.654466
45.060054 7.654472
45.060054 7.654476
45.060052 7.654482
45.060052 7.654486
45.060051 7.654489
45.060050 7.654493
45.060048 7.654496
45.060048 7.654500
45.060047 7.654503
45.060047 7.654507
45.060046 7.654511
45.060044 7.654519
45.060044 7.654523
45.060044 7.654527
45.060043 7.654531
45.060043 7.654535
45.060043 7.654539
45.060041 7.654544
45.060042 7.654548
45.060041 7.654553
45.060041 7.654557
45.060041 7.654562
45.060040 7.654567
45.060040 7.654572
45.060040 7.654577
45.060038 7.654581
45.060040 7.654586
45.060040 7.654591
45.060041 7.654596
45.060041 7.654602
45.060042 7.654607
45.060042 7.654612
45.060044 7.654617
45.060044 7.654622
45.060046 7.654627
45.060048 7.654632
45.060050 7.654637
45.060052 7.654642
45.060056 7.654647
45.060059 7.654651
45.060063 7.654656
45.060066 7.654660
45.060070 7.654665
45.060074 7.654669
45.060079 7.654673
45.060083 7.654677
45.060087 7.654681
45.060092 7.654685
45.060097 7.654688
45.060102 7.654692
45.060107 7.654695
45.060112 7.654699
45.060117 7.654702
45.060122 7.654705
45.060128 7.654708
45.060133 7.654712
45.060139 7.654715
45.060145 7.654718
45.060151 7.654721
45.060156 7.654725
45.060162 7.654728
45.060168 7.654731
45.060174 7.654734
45.060180 7.654738
45.060186 7.654741
45.060192 7.654744
45.060199 7.654747
45.060205 7.654750
45.060211 7.654753
45.060217 7.654756
45.060223 7.654760
45.060230 7.654763
45.060236 7.654767
45.060242 7.654770
45.060249 7.654774
45.060255 7.654777
45.060261 7.654781
45.060267 7.654785
45.060274 7.654790
45.060280 7.654794
45.060286 7.654798
45.060292 7.654803
45.060298 7.654808
45.060304 7.654813
45.060311 7.654818
45.060317 7.654823
45.060323 7.654829
45.060329 7.654835
45.060335 7.654840
45.060341 7.654846
45.060346 7.654852
45.060352 7.654858
45.060358 7.654863
45.060364 7.654869
45.060370 7.654874
45.060376 7.654879
45.060381 7.654885
45.060387 7.654890
45.060393 7.654895
45.060398 7.654900
45.060404 7.654905
45.060410 7.654910
45.060415 7.654914
45.060421 7.654918
45.060426 7.654923
45.060432 7.654927
45.060437 7.654931
45.060442 7.654935
45.060447 7.654939
45.060452 7.654942
45.060457 7.654946
45.060462 7.654949
45.060466 7.654952
45.060471 7.654956
45.060475 7.654959
45.060479 7.654962
45.060483 7.654965
45.060487 7.654967
45.060491 7.654970
45.060494 7.654973
45.060498 7.654975
45.060501 7.654977
45.060504 7.654979
45.060507 7.654981
45.060510 7.654983
45.060512 7.654984
45.060515 7.654986
45.060517 7.654987
45.060519 7.654988
45.060520 7.654989
45.060522 7.654990
45.060523 7.654991
45.060524 7.654992
45.060526 7.654993
45.060527 7.654993
45.060528 7.654993
45.060529 7.654994
45.060531 7.654995
45.060532 7.654996
45.060533 7.654996
45.060534 7.654997
45.060536 7.654995
45.060537 7.654998
45.060538 7.654996
45.060539 7.654998
45.060541 7.654997
45.060542 7.654999
45.060543 7.654999
45.060544 7.654997
45.060545 7.654999
45.060547 7.654998
45.060555 7.654997
45.060557 7.654998
45.060558 7.654997
45.060560 7.654996
45.060562 7.654995
45.060563 7.654994
45.060565 7.654993
45.060567 7.654992
45.060570 7.654991
45.060571 7.654990
45.060574 7.654988
45.060576 7.654986
45.060578 7.654984
45.060581 7.654982
45.060583 7.654979
45.060585 7.654977
45.060587 7.654975
45.060589 7.654972
45.060592 7.654970
45.060593 7.654966
45.060596 7.654963
45.060598 7.654959
45.060600 7.654956
45.060602 7.654952
45.060603 7.654949
45.060606 7.654945
45.060607 7.654941
45.060610 7.654937
45.060611 7.654933
45.060618 7.654916
45.060619 7.654911
45.060622 7.654903
45.060623 7.654898
45.060624 7.654894
45.060625 7.654889
45.060626 7.654885
45.060626 7.654881
45.060627 7.654876
45.060627 7.654871
45.060628 7.654867
45.060628 7.654858
45.060628 7.654849
45.060628 7.654845
45.060626 7.654836
45.060624 7.654823
45.060623 7.654819
45.060615 7.654796
45.060600 7.654773
45.060570 7.654743
45.060560 7.654734
45.060554 7.654730
45.060552 7.654728
45.060549 7.654726
45.060546 7.654724
45.060543 7.654722
45.060541 7.654719
45.060538 7.654717
45.060535 7.654716
45.060533 7.654713
45.060521 7.654705
45.060518 7.654703
45.060516 7.654700
45.060513 7.654698
45.060510 7.654696
45.060507 7.654694
45.060504 7.654692
45.060501 7.654689
45.060499 7.654688
45.060496 7.654685
45.060493 7.654684
45.060490 7.654682
45.060488 7.654679
45.060486 7.654678
45.060483 7.654675
45.060481 7.654674
45.060476 7.654670
45.060474 7.654669
45.060472 7.654667
45.060470 7.654666
45.060468 7.654664
45.060466 7.654662
45.060463 7.654661
45.060461 7.654659
45.060459 7.654658
45.060457 7.654656
45.060455 7.654654
45.060453 7.654653
45.060450 7.654652
45.060448 7.654649
45.060445 7.654648
45.060443 7.654646
45.060440 7.654644
45.060438 7.654643
45.060435 7.654640
45.060432 7.654639
45.060430 7.654637
45.060427 7.654635
45.060425 7.654633
45.060422 7.654631
45.060419 7.654629
45.060417 7.654627
45.060414 7.654626
45.060412 7.654625
45.060410 7.654623
45.060109 7.654689
45.060113 7.654690
45.060116 7.654692
45.060119 7.654694
45.060122 7.654696
45.060126 7.654698
45.060129 7.654700
45.060132 7.654702
45.060136 7.654704
45.060139 7.654706
45.060143 7.654708
45.060146 7.654711
45.060150 7.654713
45.060153 7.654715
45.060157 7.654717
45.060161 7.654719
45.060165 7.654722
45.060169 7.654724
45.060173 7.654726
45.060176 7.654728
45.060181 7.654731
45.060185 7.654733
45.060189 7.654735
45.060193 7.654738
45.060198 7.654740
45.060202 7.654742
45.060206 7.654745
45.060211 7.654747
45.060216 7.654750
45.060220 7.654752
45.060225 7.654755
45.060230 7.654757
45.060235 7.654760
45.060240 7.654763
45.060244 7.654765
45.060250 7.654768
45.060255 7.654771
45.060260 7.654774
45.060265 7.654776
45.060270 7.654779
45.060275 7.654782
45.060279 7.654785
45.060284 7.654789
45.060289 7.654792
45.060295 7.654795
45.060300 7.654799
45.060305 7.654802
45.060310 7.654806
45.060315 7.654810
45.060320 7.654814
45.060325 7.654818
45.060330 7.654822
45.060335 7.654826
45.060341 7.654831
45.060346 7.654835
45.060351 7.654840
45.060356 7.654845
45.060361 7.654849
45.060367 7.654854
45.060372 7.654859
45.060377 7.654864
45.060383 7.654869
45.060388 7.654874
45.060393 7.654879
45.060398 7.654884
45.060404 7.654889
45.060409 7.654894
45.060414 7.654899
45.060419 7.654904
45.060424 7.654908
45.060429 7.654913
45.060434 7.654917
45.060439 7.654922
45.060444 7.654926
45.060449 7.654930
45.060453 7.654934
45.060458 7.654938
45.060462 7.654942
45.060466 7.654945
45.060471 7.654949
45.060475 7.654952
45.060479 7.654955
45.060483 7.654958
45.060486 7.654962
45.060490 7.654965
45.060494 7.654967
45.060497 7.654969
45.060500 7.654972
45.060504 7.654974
45.060507 7.654977
45.060510 7.654978
45.060513 7.654980
45.060515 7.654982
45.060518 7.654983
45.060521 7.654985
45.060523 7.654986
45.060526 7.654988
45.060528 7.654989
45.060531 7.654990
45.060533 7.654991
45.060536 7.654992
45.060538 7.654993
45.060541 7.654994
45.060544 7.654994
45.060547 7.654996
45.060550 7.654995
45.060553 7.654995
45.060556 7.654995
45.060559 7.654995
45.060562 7.654994
45.060565 7.654993
45.060568 7.654993
45.060572 7.654991
45.060575 7.654990
45.060578 7.654988
45.060581 7.654986
45.060584 7.654983
45.060587 7.654980
45.060590 7.654978
45.060593 7.654975
45.060596 7.654972
45.060599 7.654968
45.060602 7.654965
45.060604 7.654960
45.060606 7.654956
45.060609 7.654952
45.060610 7.654947
45.060612 7.654943
45.060614 7.654939
45.060616 7.654933
45.060620 7.654924
45.060621 7.654919
45.060623 7.654915
45.060625 7.654909
45.060626 7.654905
45.060628 7.654899
45.060629 7.654894
45.060630 7.654889
45.060631 7.654884
45.060632 7.654879
45.060632 7.654874
45.060634 7.654868
45.060634 7.654863
45.060634 7.654858
45.060634 7.654852
45.060634 7.654846
45.060634 7.654841
45.060631 7.654819
45.060629 7.654814
45.060627 7.654808
45.060623 7.654798
45.060595 7.654756
45.060573 7.654736
45.060564 7.654729
45.060553 7.654721
45.060548 7.654718
45.060525 7.654702
45.060520 7.654697
45.060514 7.654693
45.060507 7.654688
45.060501 7.654684
45.060495 7.654679
45.060488 7.654675
45.060481 7.654670
45.060475 7.654665
45.060468 7.654660
45.060461 7.654655
45.060454 7.654650
45.060447 7.654645
45.060439 7.654640
45.060432 7.654635
45.060425 7.654630
45.060418 7.654625
45.060411 7.654620
45.060404 7.654615
45.060397 7.654611
45.060390 7.654605
45.060383 7.654601
45.060376 7.654596
45.060369 7.654592
45.060363 7.654587
45.060356 7.654582
45.060349 7.654577
45.060342 7.654573
45.060336 7.654568
45.060329 7.654564
45.060323 7.654559
45.060316 7.654555
45.060310 7.654550
45.060303 7.654546
45.060297 7.654542
45.060291 7.654537
45.060279 7.654529
45.060267 7.654521
45.060230 7.654495
45.060220 7.654489
45.060210 7.654482
45.060206 7.654479
45.060197 7.654473
45.060185 7.654465
45.060182 7.654462
45.060154 7.654443
45.060149 7.654439
45.060144 7.654435
45.060140 7.654432
45.060136 7.654430
45.060134 7.654428
45.060129 7.654425
45.060127 7.654424
45.060123 7.654422
45.060118 7.654420
45.060108 7.654418
45.060102 7.654419
45.060094 7.654421
45.060093 7.654422
45.060088 7.654425
45.060086 7.654425
45.060085 7.654428
45.060083 7.654428
45.060082 7.654431
45.060081 7.654433
45.060080 7.654440
45.060076 7.654440
45.060075 7.654443
45.060074 7.654445
45.060073 7.654447
45.060074 7.654451
45.060071 7.654451
45.060069 7.654459
45.060067 7.654460
45.060065 7.654464
45.060064 7.654470
45.060063 7.654475
45.060061 7.654477
45.060061 7.654480
45.060060 7.654482
45.060059 7.654485
45.060058 7.654487
45.060059 7.654491
45.060056 7.654497
45.060056 7.654500
45.060055 7.654506
45.060055 7.654510
45.060054 7.654513
45.060054 7.654516
45.060053 7.654520
45.060053 7.654523
45.060052 7.654526
45.060053 7.654530
45.060051 7.654533
45.060050 7.654537
45.060050 7.654541
45.060050 7.654544
45.060050 7.654548
45.060050 7.654552
45.060049 7.654556
45.060048 7.654560
45.060049 7.654564
45.060050 7.654568
45.060048 7.654572
45.060049 7.654576
45.060049 7.654580
45.060049 7.654583
45.060049 7.654586
45.060049 7.654589
45.060047 7.654592
45.060049 7.654595
45.060047 7.654597
45.060048 7.654599
45.060047 7.654601
45.060048 7.654603
45.060046 7.654604
45.060047 7.654606
45.060047 7.654608
45.060047 7.654617
45.060050 7.654617
45.060050 7.654619
45.060050 7.654620
45.060052 7.654620
45.060050 7.654623
45.060052 7.654624
45.060054 7.654625
45.060053 7.654627
45.060054 7.654628
45.060056 7.654629
45.060059 7.654633
45.060060 7.654635
45.060063 7.654635
45.060064 7.654637
45.060066 7.654638
45.060068 7.654640
45.060070 7.654641
45.060072 7.654642
45.060074 7.654644
45.060076 7.654645
45.060079 7.654646
45.060081 7.654647
45.060083 7.654649
45.060085 7.654650
45.060087 7.654651
45.060090 7.654652
45.060092 7.654654
45.060094 7.654655
45.060096 7.654656
45.060099 7.654657
45.060101 7.654658
45.060104 7.654660
45.060107 7.654661
45.060109 7.654663
45.060112 7.654665
45.060115 7.654667
45.060118 7.654669
45.060121 7.654670
45.060124 7.654673
45.060127 7.654675
45.060131 7.654677
45.060134 7.654680
45.060138 7.654682
45.060141 7.654685
45.060145 7.654688
45.060149 7.654690
45.060153 7.654693
45.060157 7.654696
45.060161 7.654699
45.060165 7.654702
45.060170 7.654706
45.060174 7.654709
45.060179 7.654713
45.060184 7.654716
45.060188 7.654720
45.060192 7.654723
45.060197 7.654727
45.060201 7.654730
45.060206 7.654733
45.060210 7.654737
45.060215 7.654741
45.060220 7.654744
45.060224 7.654748
45.060229 7.654752
45.060234 7.654756
45.060239 7.654759
45.060244 7.654763
45.060249 7.654767
45.060254 7.654771
45.060260 7.654775
45.060265 7.654779
45.060271 7.654783
45.060277 7.654788
45.060282 7.654792
45.060288 7.654796
45.060294 7.654801
45.060300 7.654806
45.060306 7.654810
45.060313 7.654816
45.060319 7.654821
45.060325 7.654826
45.060331 7.654831
45.060337 7.654836
45.060344 7.654841
45.060350 7.654846
45.060356 7.654852
45.060362 7.654857
45.060368 7.654862
45.060374 7.654868
45.060380 7.654873
45.060385 7.654878
45.060391 7.654883
45.060397 7.654888
45.060403 7.654894
45.060408 7.654899
45.060414 7.654904
45.060419 7.654909
45.060425 7.654914
45.060430 7.654918
45.060435 7.654923
45.060441 7.654928
45.060446 7.654932
45.060451 7.654936
45.060456 7.654940
45.060460 7.654945
45.060465 7.654948
45.060469 7.654951
45.060474 7.654955
45.060478 7.654959
45.060482 7.654962
45.060486 7.654965
45.060490 7.654967
45.060494 7.654970
45.060497 7.654973
45.060501 7.654975
45.060504 7.654977
45.060507 7.654979
45.060510 7.654981
45.060512 7.654983
45.060515 7.654984
45.060517 7.654986
45.060519 7.654987
45.060521 7.654988
45.060523 7.654989
45.060525 7.654990
45.060526 7.654990
45.060528 7.654992
45.060529 7.654993
45.060531 7.654992
45.060533 7.654994
45.060534 7.654994
45.060536 7.654995
45.060537 7.654995
45.060539 7.654995
45.060540 7.654996
45.060541 7.654995
45.060543 7.654997
45.060544 7.654995
45.060545 7.654996
45.060547 7.654996
45.060548 7.654995
45.060549 7.654995
45.060550 7.654995
45.060552 7.654995
45.060553 7.654995
45.060554 7.654993
45.060555 7.654994
45.060557 7.654994
45.060558 7.654993
45.060559 7.654992
45.060561 7.654992
45.060562 7.654991
45.060564 7.654990
45.060565 7.654989
45.060567 7.654989
45.060568 7.654987
45.060570 7.654986
45.060571 7.654985
45.060573 7.654983
45.060575 7.654981
45.060577 7.654980
45.060579 7.654978
45.060581 7.654976
45.060583 7.654974
45.060584 7.654971
45.060587 7.654969
45.060589 7.654966
45.060590 7.654963
45.060593 7.654960
45.060595 7.654957
45.060597 7.654954
45.060599 7.654950
45.060601 7.654947
45.060605 7.654938
45.060609 7.654930
45.060613 7.654921
45.060615 7.654917
45.060617 7.654912
45.060619 7.654903
45.060621 7.654899
45.060622 7.654894
45.060623 7.654889
45.060624 7.654885
45.060625 7.654880
45.060625 7.654876
45.060626 7.654871
45.060627 7.654863
45.060627 7.654858
45.060623 7.654818
45.060617 7.654800
45.060569 7.654740
45.060563 7.654736
45.060552 7.654729
45.060547 7.654725
45.060541 7.654721
45.060535 7.654717
45.060518 7.654705
45.060512 7.654701
45.060506 7.654697
45.060500 7.654693
45.060494 7.654689
45.060488 7.654685
45.060482 7.654680
45.060475 7.654676
45.060469 7.654672
45.060462 7.654667
45.060456 7.654663
45.060449 7.654658
45.060442 7.654653
45.060435 7.654648
45.060428 7.654644
45.060421 7.654639
45.060414 7.654633
45.060406 7.654629
45.060399 7.654623
45.060392 7.654618
45.060384 7.654613
45.060377 7.654608
45.060370 7.654603
45.060363 7.654597
45.060356 7.654592
45.060348 7.654587
45.060341 7.654582
45.060334 7.654577
45.060327 7.654571
45.060320 7.654566
45.060313 7.654561
45.060307 7.654556
45.060300 7.654551
45.060293 7.654546
45.060280 7.654537
45.060274 7.654532
45.060232 7.654500
45.060216 7.654487
45.060211 7.654483
45.060192 7.654469
45.060187 7.654465
45.060183 7.654462
45.060168 7.654451
45.060151 7.654438
45.060148 7.654436
45.060145 7.654434
45.060140 7.654431
45.060137 7.654429
45.060128 7.654425
45.060125 7.654423
45.060120 7.654421
45.060117 7.654420
45.060091 7.654422
45.060090 7.654422
45.060088 7.654422
45.060084 7.654425
45.060083 7.654426
45.060081 7.654427
45.060079 7.654428
45.060078 7.654430
45.060076 7.654431
45.060072 7.654437
45.060069 7.654438
45.060069 7.654442
45.060067 7.654443
45.060065 7.654448
45.060059 7.654454
45.060061 7.654459
45.060058 7.654460
45.060059 7.654464
45.060056 7.654466
45.060054 7.654472
45.060054 7.654476
45.060052 7.654482
45.060052 7.654486
45.060051 7.654489
45.060050 7.654493
45.060048 7.654496
45.060048 7.654500
45.060047 7.654503
45.060047 7.654507
45.060046 7.654511
45.060044 7.654519
45.060044 7.654523
45.060044 7.654527
45.060043 7.654531
45.060043 7.654535
45.060043 7.654539
45.060041 7.654544
45.060042 7.654548
45.060041 7.654553
45.060041 7.654557
45.060041 7.654562
45.060040 7.654567
45.060040 7.654572
45.060040 7.654577
45.060038 7.654581
45.060040 7.654586
45.060040 7.654591
45.060041 7.654596
45.060041 7.654602
45.060042 7.654607
45.060042 7.654612
45.060044 7.654617
45.060044 7.654622
45.060046 7.654627
45.060048 7.654632
45.060050 7.654637
45.060052 7.654642
45.060056 7.654647
45.060059 7.654651
45.060063 7.654656
45.060066 7.654660
45.060070 7.654665
45.060074 7.654669
45.060079 7.654673
45.060083 7.654677
45.060087 7.654681
45.060092 7.654685
45.060097 7.654688
45.060102 7.654692
45.060107 7.654695
45.060112 7.654699
45.060117 7.654702
45.060122 7.654705
45.060128 7.654708
45.060133 7.654712
45.060139 7.654715
45.060145 7.654718
45.060151 7.654721
45.060156 7.654725
45.060162 7.654728
45.060168 7.654731
45.060174 7.654734
45.060180 7.654738
45.060186 7.654741
45.060192 7.654744
45.060199 7.654747
45.060205 7.654750
45.060211 7.654753
45.060217 7.654756
45.060223 7.654760
45.060230 7.654763
45.060236 7.654767
45.060242 7.654770
45.060249 7.654774
45.060255 7.654777
45.060261 7.654781
45.060267 7.654785
45.060274 7.654790
45.060280 7.654794
45.060286 7.654798
45.060292 7.654803
45.060298 7.654808
45.060304 7.654813
45.060311 7.654818
45.060317 7.654823
45.060323 7.654829
45.060329 7.654835
45.060335 7.654840
45.060341 7.654846
45.060346 7.654852
45.060352 7.654858
45.060358 7.654863
45.060364 7.654869
45.060370 7.654874
45.060376 7.654879
45.060381 7.654885
45.060387 7.654890
45.060393 7.654895
45.060398 7.654900
45.060404 7.654905
45.060410 7.654910
45.060415 7.654914
45.060421 7.654918
45.060426 7.654923
45.060432 7.654927
45.060437 7.654931
45.060442 7.654935
45.060447 7.654939
45.060452 7.654942
45.060457 7.654946
45.060462 7.654949
45.060466 7.654952
45.060471 7.654956
45.060475 7.654959
45.060479 7.654962
45.060483 7.654965
45.060487 7.654967
45.060491 7.654970
45.060494 7.654973
45.060498 7.654975
45.060501 7.654977
45.060504 7.654979
45.060507 7.654981
45.060510 7.654983
45.060512 7.654984
45.060515 7.654986
45.060517 7.654987
45.060519 7.654988
45.060520 7.654989
45.060522 7.654990
45.060523 7.654991
45.060524 7.654992
45.060526 7.654993
45.060527 7.654993
45.060528 7.654993
45.060529 7.654994
45.060531 7.654995
45.060532 7.654996
45.060533 7.654996
45.060534 7.654997
45.060536 7.654995
45.060537 7.654998
45.060538 7.654996
45.060539 7.654998
45.060541 7.654997
45.060542 7.654999
45.060543 7.654999
45.060544 7.654997
45.060545 7.654999
45.060547 7.654998
45.060555 7.654997
45.060557 7.654998
45.060558 7.654997
45.060560 7.654996
45.060562 7.654995
45.060563 7.654994
45.060565 7.654993
45.060567 7.654992
45.060570 7.654991
45.060571 7.654990
45.060574 7.654988
45.060576 7.654986
45.060578 7.654984
45.060581 7.654982
45.060583 7.654979
45.060585 7.654977
45.060587 7.654975
45.060589 7.654972
45.060592 7.654970
45.060593 7.654966
45.060596 7.654963
45.060598 7.654959
45.060600 7.654956
45.060602 7.654952
45.060603 7.654949
45.060606 7.654945
45.060607 7.654941
45.060610 7.654937
45.060611 7.654933
45.060618 7.654916
45.060619 7.654911
45.060622 7.654903
45.060623 7.654898
45.060624 7.654894
45.060625 7.654889
45.060626 7.654885
45.060626 7.654881
45.060627 7.654876
45.060627 7.654871
45.060628 7.654867
45.060628 7.654858
45.060628 7.654849
45.060628 7.654845
45.060626 7.654836
45.060624 7.654823
45.060623 7.654819
45.060615 7.654796
45.060600 7.654773
45.060570 7.654743
45.060560 7.654734
45.060554 7.654730
45.060552 7.654728
45.060549 7.654726
45.060546 7.654724
45.060543 7.654722
45.060541 7.654719
45.060538 7.654717
45.060535 7.654716
45.060533 7.654713
45.060521 7.654705
45.060518 7.654703
45.060516 7.654700
45.060513 7.654698
45.060510 7.654696
45.060507 7.654694
45.060504 7.654692
45.060501 7.654689
45.060499 7.654688
45.060496 7.654685
45.060493 7.654684
45.060490 7.654682
45.060488 7.654679
45.060486 7.654678
45.060483 7.654675
45.060481 7.654674
45.060476 7.654670
45.060474 7.654669
45.060472 7.654667
45.060470 7.654666
45.060468 7.654664
45.060466 7.654662
45.060463 7.654661
45.060461 7.654659
45.060459 7.654658
45.060457 7.654656
45.060455 7.654654
45.060453 7.654653
45.060450 7.654652
45.060448 7.654649
45.060445 7.654648
45.060443 7.654646
45.060440 7.654644
45.060438 7.654643
45.060435 7.654640
45.060432 7.654639
45.060430 7.654637
45.060427 7.654635
45.060425 7.654633
45.060422 7.654631
45.060419 7.654629
45.060417 7.654627
45.060414 7.654626
45.060412 7.654625
45.060410 7.654623
