1553271317.418057000
1553271317.456062000
1553271317.471598000
1553271317.561939000
1553271317.579937000
1553271317.652630000
1553271317.724977000
1553271317.752180000
1553271317.800916000
1553271317.871742000
1553271317.893630000
1553271317.963927000
1553271318.000812000
1553271318.071457000
1553271318.072662000
1553271318.150521000
1553271318.180077000
1553271318.254243000
1553271318.291803000
1553271318.363203000
1553271318.412645000
1553271318.475474000
1553271318.485761000
1553271318.550011000
1553271318.612385000
1553271318.652409000
1553271318.748507000
1553271318.784816000
1553271318.799927000
1553271318.868800000
1553271318.895009000
1553271318.949762000
1553271319.014457000
1553271319.056448000
1553271319.088935000
1553271319.171307000
1553271319.171455000
1553271319.266738000
1553271319.279943000
1553271319.372363000
1553271319.385071000
1553271319.452125000
1553271319.475376000
1553271319.550650000
1553271319.603801000
1553271319.657138000
1553271319.684594000
1553271319.749674000
1553271319.816312000
1553271319.860510000
1553271319.889264000
1553271319.951027000
1553271319.977597000
1553271320.052150000
1553271320.077125000
1553271320.157173000
1553271320.221543000
1553271320.274396000
1553271320.306024000
1553271320.349279000
1553271320.426237000
1553271320.453282000
1553271320.499734000
1553271320.570942000
1553271320.585327000
1553271320.679022000
1553271320.679837000
1553271320.752135000
1553271320.787712000
1553271320.855151000
1553271320.916839000
1553271320.951000000
1553271320.991769000
1553271321.073681000
1553271321.116553000
1553271321.180900000
1553271321.193706000
1553271321.254494000
1553271321.285987000
1553271321.356488000
1553271321.379839000
1553271321.453657000
1553271321.484822000
1553271321.579586000
1553271321.612346000
1553271321.653635000
1553271321.686063000
1553271321.751311000
1553271321.817611000
1553271321.851021000
1553271321.891635000
1553271321.978362000
1553271322.011305000
1553271322.069071000
1553271322.087540000
1553271322.153026000
1553271322.171336000
1553271322.254042000
1553271322.283432000
1553271322.383098000
1553271322.402707000
1553271322.462166000
1553271322.523286000
1553271322.554366000
1553271322.607647000
1553271322.658120000
1553271322.700134000
1553271322.753086000
1553271322.771605000
1553271322.870035000
1553271322.871345000
1553271322.951416000
1553271322.977621000
1553271323.055548000
1553271323.098776000
1553271323.148323000
1553271323.173781000
1553271323.277114000
1553271323.300981000
1553271323.349451000
1553271323.378253000
1553271323.449077000
1553271323.473726000
1553271323.550636000
1553271323.576227000
1553271323.661630000
1553271323.706846000
1553271323.752839000
1553271323.878413000
1553271323.960072000
1553271324.055059000
1553271324.149959000
1553271324.261257000
1553271324.355860000
1553271324.478384000
1553271324.480317000
1553271324.482178000
1553271324.504696000
1553271324.526860000
1553271324.550850000
1553271324.558172000
1553271324.575882000
1553271324.601034000
1553271324.623028000
1553271324.645568000
1553271324.659293000
1553271324.678858000
1553271324.751349000
1553271324.796391000
1553271324.853280000
1553271324.914583000
1553271324.980324000
1553271324.991453000
1553271325.052309000
1553271325.107362000
1553271325.149546000
1553271325.166756000
1553271325.251413000
1553271325.271999000
1553271325.353640000
1553271325.382998000
1553271325.452923000
1553271325.516210000
1553271325.578050000
1553271325.586476000
1553271325.647183000
1553271325.701941000
1553271325.748542000
1553271325.769086000
1553271325.853973000
1553271325.875085000
1553271325.949050000
1553271325.978824000
1553271326.053986000
1553271326.102726000
1553271326.183521000
1553271326.218180000
1553271326.252673000
1553271326.294105000
1553271326.350838000
1553271326.380824000
1553271326.453850000
1553271326.483522000
1553271326.550350000
1553271326.589570000
1553271326.653306000
1553271326.712397000
1553271326.780681000
1553271326.781944000
1553271326.851257000
1553271326.902616000
1553271326.947711000
1553271326.988655000
1553271327.050391000
1553271327.123775000
1553271327.151083000
1553271327.184121000
1553271327.251739000
1553271327.279063000
1553271327.368810000
1553271327.382430000
1553271327.448805000
1553271327.488532000
1553271327.551339000
1553271327.649619000
1553271327.668770000
1553271327.732266000
1553271327.760020000
1553271327.801297000
1553271327.848325000
1553271327.882016000
1553271327.957915000
1553271327.983508000
1553271328.052062000
1553271328.116836000
1553271328.157024000
1553271328.177777000
1553271328.265120000
1553271328.312783000
1553271328.348894000
1553271328.388092000
1553271328.461450000
1553271328.479538000
1553271328.570692000
1553271328.583435000
1553271328.649024000
1553271328.716715000
1553271328.749756000
1553271328.848676000
1553271328.917787000
1553271328.942184000
1553271328.953950000
1553271328.975517000
1553271329.073773000
1553271329.083279000
1553271329.154125000
1553271329.197594000
1553271329.249199000
1553271329.318714000
1553271329.349171000
1553271329.394888000
1553271329.447488000
1553271329.509793000
1553271329.551790000
1553271329.584901000
1553271329.672477000
1553271329.672773000
1553271329.753056000
1553271329.785345000
1553271329.847595000
1553271329.886709000
1553271329.951667000
1553271330.009760000
1553271330.047780000
1553271330.079969000
1553271330.153666000
1553271330.179870000
1553271330.270442000
1553271330.283670000
1553271330.351973000
1553271330.447380000
1553271330.498629000
1553271330.547877000
1553271330.571444000
1553271330.648040000
1553271330.696503000
1553271330.748902000
1553271330.775701000
1553271330.873631000
1553271330.886015000
1553271330.952027000
1553271330.973090000
1553271331.047595000
1553271331.091894000
1553271331.146457000
1553271331.218479000
1553271331.250394000
1553271331.282927000
1553271331.348701000
1553271331.406811000
1553271331.456145000
1553271331.487749000
1553271331.548054000
1553271331.573396000
1553271331.649633000
1553271331.676246000
1553271331.748986000
1553271331.779042000
1553271331.849735000
1553271331.886461000
1553271331.961638000
1553271331.977046000
1553271332.053118000
1553271332.057440000
1553271332.148125000
1553271332.250056000
1553271332.349052000
1553271332.453268000
1553271332.472283000
1553271332.550942000
1553271332.594625000
1553271332.660327000
1553271332.682851000
1553271332.755720000
1553271332.854630000
1553271332.915915000
1553271332.953191000
1553271333.075919000
1553271333.154768000
1553271333.252944000
1553271333.351242000
1553271333.451897000
1553271333.550989000
1553271333.679535000
1553271333.751647000
1553271333.774057000
1553271333.855354000
1553271333.947993000
1553271334.056466000
1553271334.181877000
1553271334.250800000
1553271334.303291000
1553271334.350406000
1553271334.448290000
1553271334.472936000
1553271334.557524000
1553271334.649159000
1553271334.716057000
1553271334.758835000
1553271334.791199000
1553271334.856607000
1553271334.950603000
1553271335.053234000
1553271335.151382000
1553271335.193407000
1553271335.254463000
1553271335.322394000
1553271335.349124000
1553271335.387431000
1553271335.450875000
1553271335.512056000
1553271335.551486000
1553271335.575316000
1553271335.653171000
1553271335.675239000
1553271335.753411000
1553271335.798465000
1553271335.883538000
1553271335.914980000
1553271335.949906000
1553271335.993637000
1553271336.050841000
1553271336.076934000
1553271336.149140000
1553271336.178127000
1553271336.253434000
1553271336.281801000
1553271336.351204000
1553271336.408092000
1553271336.454035000
1553271336.476451000
1553271336.549874000
1553271336.597157000
1553271336.647257000
1553271336.680876000
1553271336.755890000
1553271336.781615000
1553271336.881562000
1553271336.999908000
1553271337.071125000
1553271337.189562000
1553271337.272034000
1553271337.370298000
1553271337.477876000
1553271337.592699000
1553271337.680353000
1553271337.793573000
1553271337.869789000
1553271337.967039000
1553271338.068456000
1553271338.189586000
1553271338.315445000
1553271338.378766000
1553271338.468274000
1553271338.567816000
1553271338.628419000
1553271338.668730000
1553271338.688425000
1553271338.695069000
1553271338.710749000
1553271338.717631000
1553271338.728493000
1553271338.739407000
1553271338.752362000
1553271338.758564000
1553271338.769964000
1553271338.777886000
1553271338.787276000
1553271338.795679000
1553271338.805212000
1553271338.817192000
1553271338.822212000
1553271338.831630000
1553271338.842973000
1553271338.850757000
1553271338.858724000
1553271338.867034000
1553271338.944476000
1553271338.959559000
1553271339.081942000
1553271339.087761000
1553271339.184900000
1553271339.260160000
1553271339.377135000
1553271339.456280000
1553271339.574502000
1553271339.654326000
1553271339.768780000
1553271339.778790000
1553271339.887845000
1553271339.955380000
1553271340.017876000
1553271340.051616000
1553271340.185806000
1553271340.210958000
1553271340.267654000
1553271340.283238000
1553271340.353656000
1553271340.449629000
1553271340.475890000
1553271340.553574000
1553271340.650900000
1553271340.766525000
1553271340.816937000
1553271340.854291000
1553271340.888884000
1553271340.955060000
1553271341.053175000
1553271341.178744000
1553271341.257744000
1553271341.349640000
1553271341.452864000
1553271341.551050000
1553271341.667729000
1553271341.747759000
1553271341.768567000
1553271341.864564000
1553271341.953269000
1553271341.970375000
1553271342.082313000
1553271342.160036000
1553271342.221675000
1553271342.249546000
1553271342.349237000
1553271342.379577000
1553271342.458822000
1553271342.549540000
1553271342.563740000
1553271342.653250000
1553271342.703471000
1553271342.749511000
1553271342.851088000
1553271342.954294000
1553271343.017028000
1553271343.048311000
1553271343.066031000
1553271343.156568000
1553271343.261485000
1553271343.351676000
1553271343.399740000
1553271343.461554000
1553271343.568881000
1553271343.662130000
1553271343.749183000
1553271343.763707000
1553271343.850188000
1553271343.953453000
1553271344.053047000
1553271344.175052000
1553271344.248139000
1553271344.350366000
1553271344.450533000
1553271344.561169000
1553271344.597250000
1553271344.651806000
1553271344.783846000
1553271344.849493000
1553271344.951476000
1553271345.001273000
1553271345.054553000
1553271345.152340000
1553271345.253427000
1553271345.362382000
1553271345.449250000
1553271345.466702000
1553271345.549619000
1553271345.576921000
1553271345.652089000
1553271345.752628000
1553271345.852074000
1553271345.889148000
1553271345.953081000
1553271345.985344000
1553271346.050647000
1553271346.069084000
1553271346.156020000
1553271346.207169000
1553271346.251008000
1553271346.280666000
1553271346.354709000
1553271346.412725000
1553271346.493396000
1553271346.556606000
1553271346.657852000
1553271346.683860000
1553271346.757144000
1553271346.805388000
1553271346.884611000
1553271347.006048000
1553271347.078912000
1553271347.168002000
1553271347.255053000
1553271347.581228000
1553271347.674669000
1553271347.859202000
1553271348.099365000
1553271348.259522000
1553271348.375141000
1553271348.509514000
1553271348.579766000
1553271348.711769000
1553271348.781660000
1553271348.870017000
1553271348.968327000
1553271348.976966000
1553271348.989698000
1553271348.999980000
1553271349.013940000
1553271349.026301000
1553271349.036638000
1553271349.053647000
1553271349.070298000
1553271349.076433000
1553271349.087092000
1553271349.087537000
1553271349.102086000
1553271349.114018000
1553271349.123736000
1553271349.137517000
1553271349.146818000
1553271349.156584000
1553271349.169544000
1553271349.173985000
1553271349.182194000
1553271349.189386000
1553271349.198425000
1553271349.207306000
1553271349.212355000
1553271349.216429000
1553271349.249734000
1553271349.368256000
1553271349.400064000
1553271349.461544000
1553271349.493669000
1553271349.565447000
1553271349.589780000
1553271349.659134000
1553271349.669768000
1553271349.751730000
1553271349.811256000
1553271349.869584000
1553271349.869722000
1553271349.950109000
1553271349.993588000
1553271350.068589000
1553271350.076768000
1553271350.147653000
1553271350.166329000
1553271350.265591000
1553271350.275905000
1553271350.347056000
1553271350.387980000
1553271350.451245000
1553271350.500390000
1553271350.559676000
1553271350.574941000
1553271350.656705000
1553271350.659194000
1553271350.766999000
1553271350.784610000
1553271350.851030000
1553271350.918265000
1553271350.948891000
1553271350.989487000
1553271351.049869000
1553271351.113410000
1553271351.176972000
1553271351.235377000
1553271351.261536000
1553271351.274553000
1553271351.348596000
1553271351.361766000
1553271351.449595000
1553271351.462795000
1553271351.553773000
1553271351.578361000
1553271351.675304000
1553271351.691427000
1553271351.749623000
1553271351.820469000
1553271351.850347000
1553271351.872648000
1553271351.961873000
1553271351.970961000
1553271352.077397000
1553271352.099260000
1553271352.148849000
1553271352.174065000
1553271352.255159000
1553271352.305818000
1553271352.369180000
1553271352.383952000
1553271352.470904000
1553271352.486341000
1553271352.548914000
1553271352.566722000
1553271352.652308000
1553271352.779604000
1553271352.853451000
1553271352.968559000
1553271353.049868000
1553271353.152585000
1553271353.260031000
1553271353.291955000
1553271353.347193000
1553271353.407862000
1553271353.448175000
1553271353.471492000
1553271353.547957000
1553271353.595494000
1553271353.651328000
1553271353.668141000
1553271353.775142000
1553271353.775589000
1553271353.860527000
1553271353.888104000
1553271353.950323000
1553271354.021865000
1553271354.071004000
1553271354.146698000
1553271354.246341000
1553271354.277477000
1553271354.351049000
1553271354.374531000
1553271354.435727000
1553271354.458344000
1553271354.487405000
1553271354.548381000
1553271354.576767000
1553271354.645885000
1553271354.711018000
1553271354.751945000
1553271354.783829000
1553271354.844288000
1553271354.914854000
1553271354.979763000
1553271355.037750000
1553271355.068288000
1553271355.118656000
1553271355.147367000
1553271355.179524000
1553271355.247221000
1553271355.280365000
1553271355.347035000
1553271355.399883000
1553271355.457336000
1553271355.488087000
1553271355.555329000
1553271355.648120000
1553271355.675906000
1553271355.747334000
1553271355.751667000
1553271355.780502000
1553271355.848192000
1553271355.875200000
1553271355.950022000
1553271355.980271000
1553271356.046966000
1553271356.104930000
1553271356.149383000
1553271356.248267000
1553271356.288878000
1553271356.314557000
1553271356.347792000
1553271356.377897000
1553271356.447871000
1553271356.477206000
1553271356.550076000
1553271356.622306000
1553271356.652010000
1553271356.695984000
1553271356.745926000
1553271356.770535000
1553271356.848771000
1553271356.899162000
1553271356.947551000
1553271356.977031000
1553271357.048778000
1553271357.078083000
1553271357.166335000
1553271357.178164000
1553271357.254291000
1553271357.304848000
1553271357.347066000
1553271357.434949000
1553271357.446343000
1553271357.479362000
1553271357.544894000
1553271357.581789000
1553271357.645754000
1553271357.714478000
1553271357.752671000
1553271357.786343000
1553271357.850042000
1553271357.947333000
1553271357.972685000
1553271358.046551000
1553271358.066835000
1553271358.096459000
1553271358.151933000
1553271358.179802000
1553271358.273325000
1553271358.286744000
1553271358.369883000
1553271358.448312000
1553271358.509283000
1553271358.558085000
1553271358.588592000
1553271358.646886000
1553271358.668545000
1553271358.744510000
1553271358.750584000
1553271358.817774000
1553271358.854473000
1553271358.945981000
1553271358.949037000
1553271359.023945000
1553271359.047617000
1553271359.147678000
1553271359.247046000
1553271359.248335000
1553271359.251418000
1553271359.351111000
1553271359.351651000
1553271359.476284000
1553271359.485205000
1553271359.548931000
1553271359.549014000
1553271359.628575000
1553271359.652160000
1553271359.680870000
1553271359.748560000
1553271359.778537000
1553271359.847859000
1553271359.903499000
1553271359.962761000
1553271359.990053000
1553271360.058856000
1553271360.114889000
1553271360.147909000
1553271360.189151000
1553271360.244931000
1553271360.280258000
1553271360.346086000
1553271360.378210000
1553271360.446546000
1553271360.478417000
1553271360.554731000
1553271360.608111000
1553271360.646826000
1553271360.686116000
1553271360.747711000
1553271360.821597000
1553271360.846925000
1553271360.871069000
1553271360.949121000
1553271360.973424000
1553271361.060731000
1553271361.108893000
1553271361.152572000
1553271361.186274000
1553271361.245784000
1553271361.317972000
1553271361.347378000
1553271361.393685000
1553271361.446178000
1553271361.476075000
1553271361.547898000
1553271361.573571000
1553271361.656681000
1553271361.676167000
1553271361.757232000
1553271361.784922000
1553271361.868393000
1553271361.967930000
1553271362.115994000
1553271362.190748000
1553271362.269452000
1553271362.407241000
1553271362.467639000
1553271362.564067000
1553271362.679892000
1553271362.808986000
1553271362.883651000
1553271362.993017000
1553271363.016849000
1553271363.051948000
1553271363.068031000
1553271363.077598000
1553271363.079712000
1553271363.096885000
1553271363.104280000
1553271363.115328000
1553271363.125976000
1553271363.137084000
1553271363.148061000
1553271363.159161000
1553271363.170650000
1553271363.174424000
1553271363.192173000
1553271363.257162000
1553271363.276945000
1553271363.385818000
1553271363.421141000
1553271363.495324000
1553271363.546068000
1553271363.573332000
1553271363.593719000
1553271363.673613000
1553271363.703470000
1553271363.754844000
1553271363.785012000
1553271363.868725000
1553271363.879925000
1553271363.965045000
1553271363.974107000
1553271364.052172000
1553271364.156780000
1553271364.248958000
1553271364.378061000
1553271364.458153000
1553271364.553147000
1553271364.649087000
1553271364.667513000
1553271364.668606000
1553271364.669642000
1553271364.670659000
1553271364.671672000
1553271364.673000000
1553271364.674159000
1553271364.758265000
1553271364.781070000
1553271364.876012000
1553271364.908270000
1553271364.957929000
1553271364.984460000
1553271365.058214000
1553271365.112375000
1553271365.150002000
1553271365.173280000
1553271365.255944000
1553271365.274197000
1553271365.374678000
1553271365.417028000
1553271365.448781000
1553271365.490488000
1553271365.549268000
1553271365.618901000
1553271365.669514000
1553271365.704031000
1553271365.758743000
1553271365.776346000
1553271365.851647000
1553271365.867885000
1553271365.955183000
1553271365.967572000
1553271366.051116000
1553271366.100702000
1553271366.175494000
1553271366.188205000
1553271366.251511000
1553271366.308749000
1553271366.357031000
1553271366.390873000
1553271366.452237000
1553271366.453569000
1553271366.552589000
1553271366.573827000
1553271366.653971000
1553271366.661675000
1553271366.753825000
1553271366.775772000
1553271366.862235000
1553271366.910756000
1553271366.952647000
1553271367.001126000
1553271367.054478000
1553271367.071015000
1553271367.164782000
1553271367.175402000
1553271367.260135000
1553271367.278864000
1553271367.361254000
1553271367.395526000
1553271367.450872000
1553271367.474470000
1553271367.555816000
1553271367.590257000
1553271367.651485000
1553271367.659443000
1553271367.751246000
1553271367.755070000
1553271367.857216000
1553271367.870692000
1553271367.957784000
1553271368.003612000
1553271368.051303000
1553271368.078894000
1553271368.150546000
1553271368.203596000
1553271368.267896000
1553271368.340227000
1553271368.366397000
1553271368.386019000
1553271368.450336000
1553271368.507074000
1553271368.553570000
1553271368.585260000
1553271368.651904000
1553271368.714004000
1553271368.749623000
1553271368.799183000
1553271368.864639000
1553271368.886422000
1553271368.967262000
1553271368.978652000
1553271369.054220000
1553271369.073377000
1553271369.150801000
1553271369.173100000
1553271369.251453000
1553271369.309390000
1553271369.378078000
1553271369.391947000
1553271369.457007000
1553271369.523680000
1553271369.549764000
1553271369.569356000
1553271369.659328000
1553271369.676772000
1553271369.750982000
1553271369.806492000
1553271369.850347000
1553271369.892834000
1553271369.950040000
1553271370.018559000
1553271370.084351000
1553271370.093779000
1553271370.152462000
1553271370.177013000
1553271370.255959000
1553271370.261933000
1553271370.352080000
1553271370.378369000
1553271370.456452000
1553271370.507601000
1553271370.565704000
1553271370.583325000
1553271370.656341000
1553271370.712717000
1553271370.749257000
1553271370.852735000
1553271370.863852000
1553271370.951054000
1553271371.052165000
1553271371.072572000
1553271371.157344000
1553271371.252116000
1553271371.277875000
1553271371.352766000
1553271371.371820000
1553271371.450375000
1553271371.473654000
1553271371.549128000
1553271371.652465000
1553271371.701931000
1553271371.756818000
1553271371.775159000
1553271371.857448000
1553271371.907804000
1553271371.952016000
1553271371.966624000
1553271372.049297000
1553271372.074759000
1553271372.153877000
1553271372.187809000
1553271372.257484000
1553271372.305530000
1553271372.377845000
1553271372.395187000
1553271372.479169000
1553271372.551948000
1553271372.556939000
1553271372.650794000
1553271372.660934000
1553271372.750689000
1553271372.851481000
1553271372.958144000
1553271373.050534000
1553271373.155611000
1553271373.247109000
1553271373.351972000
1553271373.461791000
1553271373.553642000
1553271373.618578000
1553271373.647524000
1553271373.748491000
1553271373.847044000
1553271373.949653000
1553271373.968899000
1553271374.063528000
1553271374.149484000
1553271374.249139000
1553271374.345794000
1553271374.445371000
1553271374.546113000
1553271374.657450000
1553271374.750272000
1553271374.847934000
1553271374.956816000
1553271375.048265000
1553271375.154599000
1553271375.249641000
1553271375.345998000
1553271375.370636000
1553271375.453812000
1553271375.502604000
1553271375.548673000
1553271375.646323000
1553271375.711724000
1553271375.764206000
1553271375.822241000
1553271375.863690000
1553271375.873400000
1553271375.948313000
1553271375.989117000
1553271376.047622000
1553271376.150006000
1553271376.247741000
1553271376.272597000
1553271376.363254000
1553271376.381013000
1553271376.448145000
1553271376.472942000
1553271376.549288000
1553271376.606615000
1553271376.649019000
1553271376.678737000
1553271376.750873000
1553271376.808419000
1553271376.850893000
1553271376.886954000
1553271376.968666000
1553271376.988453000
1553271377.054111000
1553271377.069830000
1553271377.146903000
1553271377.224432000
1553271377.246297000
1553271377.295879000
1553271377.353109000
1553271377.372714000
1553271377.470048000
1553271377.513686000
1553271377.564382000
1553271377.565147000
1553271377.645113000
1553271377.672918000
1553271377.745934000
1553271377.804093000
1553271377.845344000
1553271377.880003000
1553271377.947181000
1553271378.026596000
1553271378.059235000
1553271378.111574000
1553271378.152948000
1553271378.193720000
1553271378.246192000
1553271378.271404000
1553271378.348949000
1553271378.369128000
1553271378.447420000
1553271378.478361000
1553271378.547788000
1553271378.611969000
1553271378.676568000
1553271378.699282000
1553271378.774408000
1553271378.775710000
1553271378.847651000
1553271378.869038000
1553271378.948756000
1553271378.972329000
1553271379.047955000
1553271379.123741000
1553271379.150551000
1553271379.204204000
1553271379.257128000
1553271379.283443000
1553271379.353554000
1553271379.425729000
1553271379.448656000
1553271379.471482000
1553271379.549247000
1553271379.570930000
1553271379.647332000
1553271379.749859000
1553271379.802022000
1553271379.854797000
1553271379.879904000
1553271379.948959000
1553271380.044093000
1553271380.147915000
1553271380.247397000
1553271380.346773000
1553271380.487400000
1553271380.546890000
1553271380.605688000
1553271380.646028000
1553271380.746227000
1553271380.846126000
1553271380.865779000
1553271380.946304000
1553271380.974741000
1553271381.089901000
1553271381.152910000
1553271381.249943000
1553271381.345121000
1553271381.384138000
1553271381.449304000
1553271381.463261000
1553271381.564519000
1553271381.625013000
1553271381.664568000
1553271381.745855000
1553271381.848967000
1553271381.947014000
1553271382.002434000
1553271382.053228000
1553271382.150484000
1553271382.248338000
1553271382.346194000
1553271382.448310000
1553271382.481433000
1553271382.546873000
1553271382.617905000
1553271382.649820000
1553271382.673649000
1553271382.746160000
1553271382.845755000
1553271382.896101000
1553271382.946073000
1553271382.985786000
1553271383.053814000
1553271383.153581000
1553271383.246164000
1553271383.364392000
1553271383.364742000
1553271383.452348000
1553271383.545270000
1553271383.604913000
1553271383.647492000
1553271383.748876000
1553271383.847332000
1553271383.886776000
1553271383.946424000
1553271384.047165000
1553271384.066348000
1553271384.144717000
1553271384.251355000
1553271384.347482000
1553271384.449976000
1553271384.550132000
1553271384.649328000
1553271384.747126000
1553271384.852895000
1553271384.947460000
1553271385.054407000
1553271385.186841000
1553271385.248718000
1553271385.359256000
1553271385.446724000
1553271385.547423000
1553271385.677217000
1553271385.688344000
1553271385.756095000
1553271385.775377000
1553271385.846900000
1553271385.865947000
1553271385.951831000
1553271386.046732000
1553271386.071309000
1553271386.146882000
1553271386.170553000
1553271386.253070000
1553271386.268636000
1553271386.346167000
1553271386.421593000
1553271386.445986000
1553271386.495975000
1553271386.549720000
1553271386.579457000
1553271386.645736000
1553271386.746991000
1553271386.872563000
1553271386.966075000
1553271387.065650000
1553271387.193534000
1553271387.383117000
1553271387.674625000
1553271387.804246000
1553271387.880414000
1553271388.002786000
1553271388.081285000
1553271388.268987000
1553271388.402468000
1553271388.589911000
1553271388.663455000
1553271388.778090000
1553271388.873431000
1553271389.013368000
1553271389.084528000
1553271389.208591000
1553271389.272776000
1553271389.376349000
1553271389.616659000
1553271389.684379000
1553271389.797998000
1553271389.877004000
1553271389.963962000
1553271390.061297000
1553271390.208072000
1553271390.223294000
1553271390.225335000
1553271390.232071000
1553271390.248105000
1553271390.267648000
1553271390.315815000
1553271390.317487000
1553271390.323807000
1553271390.335290000
1553271390.346044000
1553271390.346513000
1553271390.354706000
1553271390.362695000
1553271390.371979000
1553271390.383925000
1553271390.390741000
1553271390.401859000
1553271390.407866000
1553271390.415973000
1553271390.426573000
1553271390.434189000
1553271390.434489000
1553271390.444077000
1553271390.453203000
1553271390.463614000
1553271390.471538000
1553271390.477935000
1553271390.480836000
1553271390.489852000
1553271390.499350000
1553271390.508156000
1553271390.516447000
1553271390.526033000
1553271390.534429000
1553271390.544277000
1553271390.552392000
1553271390.561569000
1553271390.566515000
1553271390.580256000
1553271390.618599000
1553271390.662860000
1553271390.712174000
1553271390.719803000
1553271390.756079000
1553271390.791723000
1553271390.806263000
1553271390.851786000
1553271390.909175000
1553271390.977318000
1553271390.983494000
1553271391.061883000
1553271391.121999000
1553271391.157272000
1553271391.189732000
1553271391.274361000
1553271391.278379000
1553271391.360618000
1553271391.401608000
1553271391.475878000
1553271391.487247000
1553271391.571852000
1553271391.597446000
1553271391.656582000
1553271391.688577000
1553271391.788826000
1553271391.811755000
1553271391.866888000
1553271391.874811000
1553271391.954081000
1553271391.977973000
1553271392.079410000
1553271392.105396000
1553271392.164939000
1553271392.180519000
1553271392.249199000
1553271392.318622000
1553271392.355789000
1553271392.393495000
1553271392.467309000
1553271392.472257000
1553271392.566474000
1553271392.594055000
1553271392.671197000
1553271392.679974000
1553271392.753281000
1553271392.769229000
1553271392.847400000
1553271392.910616000
1553271392.978714000
1553271393.051175000
1553271393.062640000
1553271393.073175000
1553271393.157352000
1553271393.206897000
1553271393.254790000
1553271393.288128000
1553271393.354352000
1553271393.365531000
1553271393.471299000
1553271393.549191000
1553271393.578006000
1553271393.601929000
1553271393.650816000
1553271393.715913000
1553271393.752505000
1553271393.794146000
1553271393.848461000
1553271393.874096000
1553271393.971851000
1553271394.021598000
1553271394.067820000
1553271394.068927000
1553271394.152331000
1553271394.172399000
1553271394.247037000
1553271394.313466000
1553271394.368291000
1553271394.389116000
1553271394.453455000
1553271394.525990000
1553271394.584322000
1553271394.601945000
1553271394.651871000
1553271394.676640000
1553271394.751120000
1553271394.767457000
1553271394.879145000
1553271394.888724000
1553271394.965001000
1553271395.025165000
1553271395.052184000
1553271395.096830000
1553271395.156516000
1553271395.227980000
1553271395.251739000
1553271395.269561000
1553271395.357011000
1553271395.365906000
1553271395.465467000
1553271395.484223000
1553271395.547408000
1553271395.605890000
1553271395.649157000
1553271395.679695000
1553271395.760103000
1553271395.786985000
1553271395.867514000
1553271395.915411000
1553271395.951741000
1553271395.969721000
1553271396.049119000
1553271396.075899000
1553271396.151056000
1553271396.204098000
1553271396.250333000
1553271396.280683000
1553271396.381901000
1553271396.414592000
1553271396.448372000
1553271396.497599000
1553271396.550976000
1553271396.575365000
1553271396.682922000
1553271396.716858000
1553271396.762686000
1553271396.776441000
1553271396.856505000
1553271396.867066000
1553271396.955019000
1553271396.998819000
1553271397.049370000
1553271397.075482000
1553271397.152487000
1553271397.208355000
1553271397.280651000
1553271397.291802000
1553271397.366054000
1553271397.371676000
1553271397.450189000
1553271397.468000000
1553271397.557983000
1553271397.626332000
1553271397.698631000
1553271397.708432000
1553271397.781006000
1553271397.843359000
1553271397.860604000
1553271397.918757000
1553271397.953516000
1553271397.990057000
1553271398.046375000
1553271398.071380000
1553271398.169245000
1553271398.174050000
1553271398.263320000
1553271398.264762000
1553271398.359641000
1553271398.407131000
1553271398.446241000
1553271398.487753000
1553271398.546696000
1553271398.615629000
1553271398.658658000
1553271398.694452000
1553271398.751058000
1553271398.771632000
1553271398.847056000
1553271398.865981000
1553271398.947451000
1553271398.980799000
1553271399.049628000
1553271399.068638000
1553271399.179157000
1553271399.197999000
1553271399.243360000
1553271399.274328000
1553271399.349248000
1553271399.447273000
1553271399.546599000
1553271399.650281000
1553271399.745720000
1553271399.851044000
1553271399.945900000
1553271400.047208000
1553271400.120295000
1553271400.141257000
1553271400.166722000
1553271400.191835000
1553271400.195847000
1553271400.248377000
1553271400.273698000
1553271400.345779000
1553271400.355349000
1553271400.430414000
1553271400.453704000
1553271400.510180000
1553271400.544168000
1553271400.586839000
1553271400.648222000
1553271400.667492000
1553271400.693476000
1553271400.709842000
1553271400.730706000
1553271400.752758000
1553271400.762740000
1553271400.776465000
1553271400.848016000
1553271400.865527000
1553271400.945535000
1553271401.014760000
1553271401.050853000
1553271401.092775000
1553271401.146576000
1553271401.172243000
1553271401.247447000
1553271401.314253000
1553271401.358287000
1553271401.359426000
1553271401.447755000
1553271401.464777000
1553271401.546240000
1553271401.590764000
1553271401.651000000
1553271401.675435000
1553271401.746491000
1553271401.814646000
1553271401.845045000
1553271401.874897000
1553271401.953679000
1553271401.957124000
1553271402.049223000
1553271402.066561000
1553271402.145962000
1553271402.172333000
1553271402.250743000
1553271402.308284000
1553271402.345775000
1553271402.378528000
1553271402.447420000
1553271402.507838000
1553271402.580669000
1553271402.586032000
1553271402.662604000
1553271402.670784000
1553271402.743852000
1553271402.767218000
1553271402.848314000
1553271402.874386000
1553271402.945171000
1553271403.012764000
1553271403.046695000
1553271403.084705000
1553271403.145974000
1553271403.215669000
1553271403.246494000
1553271403.267839000
1553271403.351706000
1553271403.376288000
1553271403.451758000
1553271403.535211000
1553271403.549178000
1553271403.648682000
1553271403.744943000
1553271403.845753000
1553271403.948587000
1553271404.048080000
1553271404.073063000
1553271404.144547000
1553271404.208310000
1553271404.275436000
1553271404.285529000
1553271404.363075000
1553271404.421863000
1553271404.443474000
1553271404.473818000
1553271404.546718000
1553271404.583572000
1553271404.640991000
1553271404.713516000
1553271404.740998000
1553271404.789480000
1553271404.865371000
1553271404.877117000
1553271404.960457000
1553271404.999919000
1553271405.047102000
1553271405.144410000
1553271405.149957000
1553271405.223804000
1553271405.246093000
1553271405.273804000
1553271405.349831000
1553271405.372625000
1553271405.453614000
1553271405.506591000
1553271405.547396000
1553271405.642887000
1553271405.646101000
1553271405.726425000
1553271405.752277000
1553271405.797017000
1553271405.847067000
1553271405.883475000
1553271405.962080000
1553271405.976468000
1553271406.064978000
1553271406.078195000
1553271406.149083000
1553271406.242792000
1553271406.279296000
1553271406.345995000
1553271406.363029000
1553271406.432857000
1553271406.467484000
1553271406.510192000
1553271406.558600000
1553271406.571124000
1553271406.656828000
1553271406.682644000
1553271406.746881000
1553271406.766212000
1553271406.847126000
1553271406.903679000
1553271406.954122000
1553271407.046759000
1553271407.155732000
1553271407.245354000
1553271407.266784000
1553271407.345101000
1553271407.373640000
1553271407.441756000
1553271407.545115000
1553271407.583788000
1553271407.656563000
1553271407.713723000
1553271407.758302000
1553271407.791910000
1553271407.846049000
1553271407.870655000
1553271407.944968000
1553271407.968931000
1553271408.043871000
1553271408.060868000
1553271408.145203000
1553271408.173632000
1553271408.269591000
1553271408.291698000
1553271408.366279000
1553271408.368363000
1553271408.445388000
1553271408.544415000
1553271408.565179000
1553271408.644152000
1553271408.744599000
1553271408.754286000
1553271408.857052000
1553271408.907709000
1553271408.949930000
1553271409.044614000
1553271409.131004000
1553271409.154172000
1553271409.247905000
1553271409.353167000
1553271409.370052000
1553271409.451091000
1553271409.495372000
1553271409.546629000
1553271409.647385000
1553271409.745480000
1553271409.847746000
1553271409.944432000
1553271410.049301000
1553271410.068575000
1553271410.142444000
1553271410.243980000
1553271410.345461000
1553271410.487364000
1553271410.544635000
1553271410.648733000
1553271410.744827000
1553271410.765842000
1553271410.845131000
1553271410.971855000
1553271411.075587000
1553271411.148649000
1553271411.246961000
1553271411.348911000
1553271411.457153000
1553271411.544567000
1553271411.649104000
1553271411.746256000
1553271411.845791000
1553271411.945715000
1553271411.979638000
1553271412.046703000
1553271412.162329000
1553271412.254981000
1553271412.346492000
1553271412.390233000
1553271412.446100000
1553271412.544144000
1553271412.572148000
1553271412.646773000
1553271412.671833000
1553271412.750614000
1553271412.771462000
1553271412.848230000
1553271412.915804000
1553271412.946567000
1553271412.988762000
1553271413.042957000
1553271413.126619000
1553271413.149066000
1553271413.204424000
1553271413.246096000
1553271413.288891000
1553271413.353060000
1553271413.379877000
1553271413.445477000
1553271413.544133000
1553271413.647735000
1553271413.743706000
1553271413.804519000
1553271413.881657000
1553271413.881757000
1553271413.973708000
1553271413.982900000
1553271414.045055000
1553271414.070277000
1553271414.144460000
1553271414.182304000
1553271414.246187000
1553271414.315408000
1553271414.359258000
1553271414.395284000
1553271414.460090000
1553271414.479615000
1553271414.544579000
1553271414.574824000
1553271414.644543000
1553271414.676251000
1553271414.744992000
1553271414.774709000
1553271414.845740000
1553271414.912587000
1553271414.958993000
1553271414.990405000
1553271415.052635000
1553271415.084470000
1553271415.145566000
1553271415.218426000
1553271415.244737000
1553271415.272102000
1553271415.345358000
1553271415.445983000
1553271415.500782000
1553271415.583033000
1553271415.583455000
1553271415.674400000
1553271415.717403000
1553271415.743337000
1553271415.794684000
1553271415.845307000
1553271415.877205000
1553271415.951579000
1553271415.972828000
1553271416.046161000
1553271416.070215000
1553271416.174506000
1553271416.226382000
1553271416.260637000
1553271416.298999000
1553271416.344993000
1553271416.378199000
1553271416.446288000
1553271416.518821000
1553271416.545149000
1553271416.573393000
1553271416.649894000
1553271416.671251000
1553271416.750769000
1553271416.812952000
1553271416.846733000
1553271416.885163000
1553271416.945068000
1553271417.021595000
1553271417.044628000
1553271417.107146000
1553271417.145097000
1553271417.191672000
1553271417.250191000
1553271417.279554000
1553271417.356136000
1553271417.370210000
1553271417.448638000
1553271417.485989000
1553271417.545438000
1553271417.623617000
1553271417.646952000
1553271417.704598000
1553271417.745211000
1553271417.786681000
1553271417.867153000
1553271417.876986000
1553271417.955438000
1553271417.970545000
1553271418.044883000
1553271418.073149000
1553271418.146616000
1553271418.211578000
1553271418.245248000
1553271418.295724000
